52283_0_000b2e	NODE_86_length_106060_cov_2.655051	99.557	1353	6	0	1	1353	36171	37523	0.0	2466	1353
52283_0_000b33	NODE_373_length_39435_cov_1.975155	99.233	913	7	0	1	913	34517	33605	0.0	1648	913
52283_0_000b4d	NODE_106_length_94939_cov_2.054868	99.438	2670	6	1	1	2661	60669	58000	0.0	4839	2661
52283_0_000b63	NODE_2205_length_6167_cov_1.826618	93.159	1798	61	27	1	1768	766	2531	0.0	2582	1768
52283_0_000b6d	NODE_165_length_70436_cov_2.082915	96.006	2779	48	25	1	2742	25775	23023	0.0	4458	2742
52283_0_000b6e	NODE_149_length_77677_cov_2.475969	99.492	3150	2	2	1	3150	40013	36878	0.0	5716	3150
52283_0_000b6f	NODE_149_length_77677_cov_2.475969	99.802	3034	4	2	1	3034	37948	40979	0.0	5568	3034
52283_0_000b7a	NODE_1130_length_13876_cov_2.434871	99.592	3672	14	1	1	3671	3027	6698	0.0	6697	3671
52283_0_000b88	NODE_282_length_49183_cov_2.097999	99.308	4045	28	0	1	4045	696	4740	0.0	7315	4045
52283_0_000b95	NODE_230_length_56529_cov_2.154171	98.856	874	8	2	1	874	19425	20296	0.0	1557	874
52283_0_000bad	NODE_906_length_17674_cov_1.973011	96.831	2493	32	12	1	2455	3595	6078	0.0	4122	2455
52283_0_000baf	NODE_108_length_93635_cov_2.180403	99.145	3625	30	1	1	3624	83535	79911	0.0	6521	3624
52283_0_000bb8	NODE_1907_length_7527_cov_2.487325	98.929	2520	23	2	1	2519	5011	7527	0.0	4501	2946
52283_0_000bbd	NODE_1315_length_11828_cov_2.283946	99.089	3074	23	3	1	3074	3419	6487	0.0	5517	3074
52283_0_000bd6	NODE_76_length_113330_cov_2.595280	99.634	4103	15	0	1	4103	106919	102817	0.0	7494	4103
52283_0_000beb	NODE_1796_length_8055_cov_2.477341	96.587	6914	205	18	690	7578	1	6908	0.0	11431	7578
52283_0_000bf0	NODE_232_length_56170_cov_2.116288	99.019	4078	11	10	1	4055	20085	24156	0.0	7282	4055
52283_0_000bfc	NODE_89_length_103818_cov_2.392365	99.819	3308	6	0	1	3308	77515	80822	0.0	6076	3308
52283_0_000c13	NODE_557_length_27692_cov_2.166419	99.433	2998	14	3	1	2997	12089	15084	0.0	5439	2997
52283_0_000c23	NODE_463_length_32660_cov_2.362162	98.911	2846	24	7	1	2844	10908	8068	0.0	5077	2844
52283_0_000c2f	NODE_4_length_301591_cov_2.536404	99.653	2307	4	2	1	2306	64787	67090	0.0	4213	2306
52283_0_000c32	NODE_614_length_24977_cov_1.841671	97.578	1445	23	4	1	1434	7275	5832	0.0	2464	1434
52283_0_000c81	NODE_163_length_71568_cov_3.115496	99.066	3853	31	2	1	3848	50750	54602	0.0	6911	3848
52283_0_000c9b	NODE_1029_length_15158_cov_2.192198	99.069	1181	9	2	1	1179	8676	9856	0.0	2119	1179
52283_0_000cb1	NODE_1012_length_15489_cov_2.151190	99.103	3678	28	3	1	3676	5022	1348	0.0	6604	3676
52283_0_000cb7	NODE_223_length_57655_cov_2.305453	96.368	3745	72	26	1	3711	11103	14817	0.0	6104	3711
52283_0_000cd7	NODE_1688_length_8641_cov_1.867409	95.264	1858	51	14	1	1837	5808	3967	0.0	2909	1837
52283_0_000d03	NODE_1_length_462516_cov_2.407418	99.789	3798	7	1	1	3798	96518	92722	0.0	6968	3798
52283_0_000d1f	NODE_364_length_40286_cov_2.402116	97.391	1610	14	3	41	1643	30286	31874	0.0	2715	1643
52283_0_000d20	NODE_364_length_40286_cov_2.402116	98.821	3732	11	8	1	3725	31329	35034	0.0	6617	3725
52283_0_000d23	NODE_563_length_27439_cov_1.902481	97.023	1545	34	9	1	1536	1849	308	0.0	2588	1538
52283_0_000d30	NODE_225_length_57564_cov_2.289210	99.564	3214	9	3	1	3214	6778	3570	0.0	5853	3218
52283_0_000d35	NODE_64_length_123733_cov_2.753547	99.501	3809	16	2	1	3808	103672	99866	0.0	6926	3808
52283_0_000d54	NODE_30_length_160003_cov_3.192142	99.535	3652	3	3	1	3643	58093	61739	0.0	6637	3643
52283_0_000d5d	NODE_145_length_80661_cov_2.104221	99.257	4171	20	6	1	4163	19591	23758	0.0	7520	4163
52283_0_000d61	NODE_428_length_34682_cov_1.838680	96.265	1633	31	17	1509	3116	14822	13195	0.0	2651	3116
52283_0_000d66	NODE_1146_length_13659_cov_2.148435	98.454	2005	30	1	1	2004	3080	5084	0.0	3530	2004
52283_0_000d79	NODE_34_length_156893_cov_3.082962	96.909	3623	37	29	1	3590	10399	13979	0.0	6000	3610
52283_0_000d95	NODE_23_length_175677_cov_2.330030	99.232	4167	29	2	1	4167	31555	27392	0.0	7515	4167
52283_0_000d96	NODE_609_length_25203_cov_1.815758	96.915	1945	38	9	1	1938	2275	346	0.0	3240	1978
52283_0_000dac	NODE_276_length_50032_cov_2.232507	99.455	4401	24	0	1	4401	30231	34631	0.0	7995	4401
52283_0_000dbd	NODE_335_length_43201_cov_1.973845	97.844	3943	51	14	3	3918	528	4463	0.0	6780	3918
52283_0_000dff	NODE_258_length_52285_cov_2.546556	99.860	3580	1	3	1	3578	5799	9376	0.0	6580	3578
52283_0_000e08	NODE_148_length_78135_cov_2.916833	99.521	2295	8	2	1	2292	33541	31247	0.0	4174	2292
52283_0_000e0b	NODE_148_length_78135_cov_2.916833	99.331	3738	7	6	1	3722	16927	13192	0.0	6748	3722
52283_0_000e0d	NODE_148_length_78135_cov_2.916833	99.054	1480	8	4	1	1475	4997	6475	0.0	2651	1604
52283_0_000e2a	NODE_281_length_49370_cov_2.042287	99.034	3932	37	1	1	3932	12949	16879	0.0	7049	3932
52283_0_000e3c	NODE_198_length_62655_cov_2.067520	99.355	2944	18	1	1	2944	44220	47162	0.0	5330	2944
52283_0_000e49	NODE_217_length_58464_cov_2.541823	99.666	3597	8	2	1	3593	17463	21059	0.0	6573	3593
52283_0_000e4e	NODE_565_length_27386_cov_2.901742	99.959	2434	1	0	1	2434	24953	27386	0.0	4490	3367
52283_0_000e55	NODE_291_length_48061_cov_2.062190	98.278	3078	20	11	1	3060	39321	42383	0.0	5360	3060
52283_0_000e74	NODE_25_length_172343_cov_2.390264	99.635	1371	5	0	1	1371	113555	112185	0.0	2505	1371
52283_0_000e79	NODE_870_length_18297_cov_2.225833	99.274	4548	28	5	1	4546	9873	14417	0.0	8211	4546
52283_0_000e7c	NODE_2035_length_6826_cov_2.288310	95.250	1179	29	15	1	1165	2684	1519	0.0	1842	1165
52283_0_000e82	NODE_13_length_214950_cov_2.407105	98.968	3391	9	6	1	3388	94094	97461	0.0	6045	3388
52283_0_000eae	NODE_278_length_49685_cov_2.166559	99.815	3248	5	1	15	3262	24547	27793	0.0	5963	3262
52283_0_000eb4	NODE_198_length_62655_cov_2.067520	99.493	3352	13	2	1	3348	39726	36375	0.0	6093	3348
52283_0_000ebc	NODE_6_length_260817_cov_2.692036	99.832	4771	6	2	1	4770	129616	134385	0.0	8765	4770
52283_0_000ec6	NODE_82_length_108247_cov_2.496967	99.826	4586	8	0	1	4586	18221	13636	0.0	8425	4586
52283_0_000ec9	NODE_40_length_147848_cov_2.560584	99.798	2963	5	1	1	2963	73177	76138	0.0	5437	2963
52283_0_000ecb	NODE_6_length_260817_cov_2.692036	99.813	1606	3	0	1	1606	75133	76738	0.0	2950	1606
52283_0_000ed1	NODE_901_length_17703_cov_1.902569	97.352	2492	53	9	1	2484	10338	12824	0.0	4224	2484
52283_0_000edc	NODE_265_length_51144_cov_2.080693	98.849	3129	33	2	1	3129	34804	37929	0.0	5576	3129
52283_0_000ede	NODE_265_length_51144_cov_2.080693	97.754	3295	42	10	2	3272	37712	40998	0.0	5646	3272
52283_0_000f20	NODE_304_length_46816_cov_2.089027	99.172	1932	16	0	1	1932	1239	3170	0.0	3480	1932
52283_0_000f23	NODE_232_length_56170_cov_2.116288	99.326	1781	12	0	1	1781	52105	50325	0.0	3223	1781
52283_0_000f35	NODE_142_length_83138_cov_2.993773	99.777	3589	8	0	1	3589	71408	74996	0.0	6584	3589
52283_0_000f3a	NODE_142_length_83138_cov_2.993773	99.830	4119	5	1	1	4119	38053	42169	0.0	7566	4119
52283_0_000f3c	NODE_142_length_83138_cov_2.993773	99.609	3321	5	4	1	3315	42047	45365	0.0	6054	3315
52283_0_000f3d	NODE_142_length_83138_cov_2.993773	99.895	3819	4	0	1	3819	47624	51442	0.0	7031	3819
52283_0_000f3e	NODE_142_length_83138_cov_2.993773	99.798	17859	27	4	1	17859	21465	39314	0.0	32771	17859
52283_0_000f4b	NODE_170_length_69437_cov_2.599862	99.654	3467	11	1	1	3466	48766	45300	0.0	6335	3466
52283_0_000f4e	NODE_84_length_107180_cov_2.912169	99.720	4284	8	2	1	4280	49321	53604	0.0	7841	4280
52283_0_000f57	NODE_192_length_63666_cov_2.604390	99.719	3208	5	2	1	3204	12388	9181	0.0	5871	3204
52283_0_000f63	NODE_408_length_36177_cov_2.045112	99.102	4122	30	2	1	4115	16884	21005	0.0	7400	4115
52283_0_000f66	NODE_466_length_32597_cov_3.375023	97.200	6644	142	17	1	6617	12944	6318	0.0	11199	6617
52283_0_000f6e	NODE_204_length_61563_cov_2.883047	99.644	2809	6	2	1	2809	51688	54492	0.0	5129	2809
52283_0_000f8b	NODE_316_length_45766_cov_2.338868	98.970	2914	17	3	1	2902	21002	18090	0.0	5203	2902
52283_0_000f92	NODE_316_length_45766_cov_2.338868	99.664	3273	10	1	1	3272	38919	42191	0.0	5982	3272
52283_0_000fae	NODE_180_length_66701_cov_2.121955	98.389	3415	34	5	1	3408	28264	24864	0.0	5982	3408
52283_0_000fc5	NODE_961_length_16470_cov_2.200257	99.149	3526	26	4	1	3523	15728	12204	0.0	6342	3523
52283_0_000fc9	NODE_1929_length_7430_cov_1.874027	99.159	2971	22	2	861	3830	1	2969	0.0	5345	3836
52283_0_000ffc	NODE_193_length_63517_cov_2.342791	99.623	3444	10	3	1	3442	22059	25501	0.0	6285	3442
52283_0_001008	NODE_621_length_24872_cov_1.995275	95.879	995	25	7	1	980	8863	7870	0.0	1596	981
52283_0_001011	NODE_394_length_37453_cov_1.941139	98.128	1175	18	2	1	1174	26879	28050	0.0	2045	1174
52283_0_001019	NODE_396_length_37303_cov_1.952866	98.625	1746	12	4	1	1746	27384	29117	0.0	3081	1746
52283_0_00101a	NODE_396_length_37303_cov_1.952866	98.102	4214	37	20	1	4189	27708	23513	0.0	7299	4189
52283_0_00101b	NODE_396_length_37303_cov_1.952866	98.728	2674	28	1	1	2668	17706	20379	0.0	4745	2668
52283_0_00102f	NODE_84_length_107180_cov_2.912169	99.852	3368	5	0	1	3368	55254	58621	0.0	6192	3368
52283_0_001035	NODE_200_length_62558_cov_2.656829	99.853	3398	5	0	1	3398	22608	19211	0.0	6248	3398
52283_0_00103d	NODE_1702_length_8549_cov_2.248874	99.327	3564	14	8	1	3556	5871	2310	0.0	6440	3784
52283_0_001044	NODE_308_length_46642_cov_1.995272	98.850	6955	52	12	26	6966	8210	15150	0.0	12375	6966
52283_0_001082	NODE_305_length_46776_cov_2.053316	96.497	1884	20	19	14	1889	24351	22506	0.0	3072	1891
52283_0_0010a0	NODE_1146_length_13659_cov_2.148435	96.720	1494	24	7	1	1493	1865	396	0.0	2464	1493
52283_0_0010b3	NODE_252_length_53460_cov_2.240923	99.668	3917	12	1	1	3916	20993	17077	0.0	7160	3916
52283_0_0010c7	NODE_300_length_47162_cov_1.810822	98.159	2987	39	12	1	2980	10953	13930	0.0	5197	2980
52283_0_0010da	NODE_167_length_69763_cov_2.420936	99.165	3475	14	5	1	3464	25655	29125	0.0	6242	3464
52283_0_0010dd	NODE_269_length_50873_cov_2.378630	98.765	1619	9	3	1	1608	8501	6883	0.0	2868	1608
52283_0_0010de	NODE_269_length_50873_cov_2.378630	99.310	3188	11	6	1	3177	7672	10859	0.0	5755	3177
52283_0_0010f0	NODE_138_length_83678_cov_2.516807	99.298	2990	16	3	1	2988	40441	43427	0.0	5400	2988
52283_0_0010fe	NODE_19_length_188022_cov_2.945793	99.875	803	1	0	1	803	168250	169052	0.0	1478	803
52283_0_001104	NODE_270_length_50799_cov_2.179313	99.060	2979	24	3	1	2975	41050	38072	0.0	5343	2975
52283_0_001124	NODE_622_length_24728_cov_1.897063	95.895	1900	35	16	9	1905	21964	23823	0.0	3037	1905
52283_0_001136	NODE_64_length_123733_cov_2.753547	99.706	5783	15	2	1	5782	60170	65951	0.0	10584	5782
52283_0_00113b	NODE_64_length_123733_cov_2.753547	99.886	3513	4	0	1	3513	78013	74501	0.0	6466	3513
52283_0_001142	NODE_64_length_123733_cov_2.753547	99.936	3120	2	0	1	3120	87752	84633	0.0	5751	3120
52283_0_00115a	NODE_3682_length_2717_cov_2.267843	94.750	1962	24	22	1	1897	552	2499	0.0	2979	1897
52283_0_001160	NODE_197_length_62725_cov_2.809196	99.836	4886	8	0	1	4886	31905	36790	0.0	8979	4886
52283_0_001169	NODE_12_length_217299_cov_2.529306	99.777	3138	3	2	1	3134	121592	124729	0.0	5753	3134
52283_0_001176	NODE_455_length_32951_cov_1.896468	98.012	2918	34	5	1	2905	28429	31335	0.0	5046	4116
52283_0_001182	NODE_64_length_123733_cov_2.753547	99.884	3463	4	0	1	3463	10147	6685	0.0	6373	3463
52283_0_001185	NODE_6_length_260817_cov_2.692036	99.832	3561	6	0	1	3561	203706	200146	0.0	6543	3561
52283_0_00118f	NODE_307_length_46655_cov_2.700477	99.935	3057	2	0	1	3057	41065	44121	0.0	5635	3057
52283_0_001191	NODE_2_length_402588_cov_2.478256	99.863	2912	4	0	1	2912	7459	10370	0.0	5356	2912
52283_0_001196	NODE_2_length_402588_cov_2.478256	99.654	3758	9	3	1	3755	21538	25294	0.0	6865	3755
52283_0_001198	NODE_2_length_402588_cov_2.478256	99.787	3758	7	1	1	3757	24627	28384	0.0	6894	3757
52283_0_00119a	NODE_2_length_402588_cov_2.478256	99.614	1295	3	2	1	1294	29571	28278	0.0	2362	1294
52283_0_0011a8	NODE_707_length_22149_cov_3.168663	99.411	2038	12	0	45	2082	214	2251	0.0	3698	2082
52283_0_0011b7	NODE_94_length_101513_cov_3.110294	96.275	2604	62	20	77	2647	25975	23374	0.0	4239	2647
52283_0_0011b8	NODE_94_length_101513_cov_3.110294	96.379	2679	40	28	1	2654	20467	23113	0.0	4357	2654
52283_0_0011b9	NODE_286_length_48606_cov_2.966533	99.798	2480	4	1	1	2479	46127	48606	0.0	4551	3443
52283_0_0011d0	NODE_1_length_462516_cov_2.407418	96.809	1316	3	2	1	1277	285030	286345	0.0	2161	1277
52283_0_0011d2	NODE_875_length_18213_cov_1.923379	95.455	1870	58	8	1	1848	8621	10485	0.0	2957	1848
52283_0_0011db	NODE_62_length_127494_cov_2.757684	99.448	2357	7	2	1	2351	80072	82428	0.0	4276	2351
52283_0_001204	NODE_1108_length_14179_cov_1.876244	95.772	2531	54	23	1	2507	8221	5720	0.0	4032	2507
52283_0_001225	NODE_222_length_57667_cov_2.152339	97.313	3982	68	18	1	3966	13642	9684	0.0	6724	3966
52283_0_00122d	NODE_1582_length_9268_cov_1.843835	98.249	1828	21	2	1	1818	2967	4793	0.0	3188	1823
52283_0_001242	NODE_373_length_39435_cov_1.975155	98.427	2733	25	8	1	2716	17321	20052	0.0	4793	3385
52283_0_001246	NODE_23_length_175677_cov_2.330030	99.226	4133	32	0	1	4133	87581	91713	0.0	7456	4133
52283_0_00124a	NODE_44_length_145015_cov_3.196930	99.716	1758	5	0	1	1758	76098	77855	0.0	3219	1758
52283_0_001256	NODE_319_length_45413_cov_1.869719	95.113	2435	97	15	201	2621	24235	21809	0.0	3818	2621
52283_0_001261	NODE_1122_length_13983_cov_2.061995	96.371	2590	58	9	1	2557	9433	12019	0.0	4229	2557
52283_0_00128b	NODE_347_length_42009_cov_2.755955	97.934	2275	32	7	1	2269	3939	6204	0.0	3927	2269
52283_0_00128d	NODE_159_length_72532_cov_3.008368	99.400	3001	6	5	1	2993	2997	1	0.0	5432	3820
52283_0_001296	NODE_1059_length_14809_cov_1.906654	95.015	1364	32	12	1	1332	7753	6394	0.0	2109	1332
52283_0_001298	NODE_237_length_55047_cov_1.975517	96.818	3143	33	18	1	3114	26081	29185	0.0	5188	3114
52283_0_0012ac	NODE_173_length_68899_cov_2.074824	96.766	2443	24	19	1	2429	36966	34565	0.0	4023	2429
52283_0_0012ad	NODE_305_length_46776_cov_2.053316	98.429	1655	12	4	1	1649	43918	45564	0.0	2900	1649
52283_0_0012b4	NODE_133_length_84485_cov_2.435987	99.256	3631	19	3	1	3625	40596	44224	0.0	6549	3625
52283_0_0012d2	NODE_302_length_47082_cov_2.283451	98.028	3144	57	3	1	3140	11777	14919	0.0	5457	3401
52283_0_0012e8	NODE_75_length_114172_cov_2.906690	99.941	1688	1	0	1	1688	92432	90745	0.0	3112	1688
52283_0_001301	NODE_234_length_56005_cov_2.045139	98.557	2910	21	6	8	2916	39676	42565	0.0	5121	2928
52283_0_001303	NODE_234_length_56005_cov_2.045139	95.719	2943	76	22	11	2931	35752	32838	0.0	4691	2931
52283_0_001309	NODE_234_length_56005_cov_2.045139	96.149	3012	93	12	1	3003	9912	12909	0.0	4898	3003
52283_0_00130b	NODE_234_length_56005_cov_2.045139	97.018	1643	31	5	1	1631	6200	7836	0.0	2747	1631
52283_0_001313	NODE_855_length_18612_cov_1.955570	94.585	1736	50	13	549	2257	1719	1	0.0	2645	2264
52283_0_001322	NODE_9_length_233799_cov_2.299540	99.799	1491	2	1	1189	2678	98668	97178	0.0	2736	2678
52283_0_00134b	NODE_45_length_145000_cov_2.167846	99.393	2802	8	4	1	2799	120267	123062	0.0	5072	2799
52283_0_00135d	NODE_31_length_158413_cov_3.228146	97.647	4505	51	19	4	4488	94131	89662	0.0	7681	4488
52283_0_00136b	NODE_1199_length_13170_cov_1.981316	97.742	3985	38	20	2	3973	4057	112	0.0	6813	3973
52283_0_001376	NODE_10_length_231019_cov_2.265569	99.088	4055	17	6	1	4037	36486	40538	0.0	7265	4037
52283_0_001377	NODE_10_length_231019_cov_2.265569	99.182	3057	10	3	1	3042	41705	38649	0.0	5493	3042
52283_0_001392	NODE_277_length_49952_cov_2.533537	99.771	6555	14	1	1	6554	21497	28051	0.0	12020	6554
52283_0_00139a	NODE_1928_length_7440_cov_2.283531	98.924	3161	28	5	1	3156	2384	5543	0.0	5644	3156
52283_0_0013ab	NODE_3_length_337531_cov_2.985946	99.431	4744	23	2	1	4744	72356	77095	0.0	8608	4744
52283_0_0013ad	NODE_3_length_337531_cov_2.985946	98.638	1468	20	0	1	1468	80564	79097	0.0	2601	1468
52283_0_0013ae	NODE_3_length_337531_cov_2.985946	99.178	2920	20	2	1	2920	79860	76945	0.0	5256	2920
52283_0_0013bd	NODE_375_length_39342_cov_1.913691	98.025	3646	56	9	1	3633	33534	37176	0.0	6320	3633
52283_0_0013c3	NODE_597_length_25693_cov_1.930537	98.199	3442	30	12	1	3436	19298	22713	0.0	5984	3436
52283_0_0013ca	NODE_362_length_40590_cov_2.047234	99.224	3091	18	1	1	3091	19875	16791	0.0	5570	3091
52283_0_0013e4	NODE_10_length_231019_cov_2.265569	99.515	2270	11	0	978	3247	153426	155695	0.0	4132	3247
52283_0_0013f6	NODE_261_length_51903_cov_2.105866	99.034	2071	16	2	1	2071	49822	47756	0.0	3711	2928
52283_0_0013ff	NODE_80_length_108661_cov_3.316785	97.909	3586	43	7	1	3560	24591	28170	0.0	6178	3560
52283_0_001400	NODE_80_length_108661_cov_3.316785	98.857	1663	19	0	6	1668	26722	28384	0.0	2966	1670
52283_0_001404	NODE_80_length_108661_cov_3.316785	98.776	3512	27	5	4	3503	36710	33203	0.0	6233	3503
52283_0_00140c	NODE_76_length_113330_cov_2.595280	99.571	3499	8	2	1	3493	96634	93137	0.0	6372	3493
52283_0_00140f	NODE_89_length_103818_cov_2.392365	99.916	3559	3	0	1	3559	83598	80040	0.0	6556	3559
52283_0_001424	NODE_621_length_24872_cov_1.995275	98.345	2055	23	6	1	2055	17996	20039	0.0	3596	2055
52283_0_00142a	NODE_352_length_41606_cov_2.046439	99.259	3237	16	4	1	3237	31168	34396	0.0	5838	3237
52283_0_00142f	NODE_81_length_108546_cov_2.283054	99.713	4186	9	3	1	4183	53539	57724	0.0	7661	4183
52283_0_00143f	NODE_1488_length_10103_cov_2.246697	98.222	1968	27	5	1	1964	4588	2625	0.0	3434	1965
52283_0_00144f	NODE_397_length_37251_cov_1.964351	98.220	4045	61	5	1	4038	8235	12275	0.0	7060	4038
52283_0_001457	NODE_397_length_37251_cov_1.964351	96.552	1856	45	13	9	1856	27511	29355	0.0	3055	1858
52283_0_001478	NODE_51_length_134488_cov_3.300237	99.170	1446	12	0	1	1446	111497	112942	0.0	2604	1446
52283_0_00147e	NODE_51_length_134488_cov_3.300237	96.766	2474	34	14	2	2451	124091	126542	0.0	4084	2451
52283_0_001481	NODE_51_length_134488_cov_3.300237	97.332	2474	44	13	1	2462	126509	128972	0.0	4183	2462
52283_0_001484	NODE_466_length_32597_cov_3.375023	95.083	2298	56	20	1	2257	2551	270	0.0	3565	2682
52283_0_001485	NODE_107_length_94334_cov_3.009690	97.856	1166	4	4	1	1145	1620	455	0.0	1995	1145
52283_0_00148a	NODE_124_length_87542_cov_2.842962	99.899	1986	2	0	1	1986	10285	8300	0.0	3657	1986
52283_0_001496	NODE_2_length_402588_cov_2.478256	99.841	3140	5	0	1	3140	194365	191226	0.0	5771	3140
52283_0_001497	NODE_2_length_402588_cov_2.478256	99.810	3679	7	0	1	3679	188094	191772	0.0	6756	3679
52283_0_0014a6	NODE_283_length_48798_cov_2.542239	99.618	1047	3	1	1	1047	46917	45872	0.0	1910	1047
52283_0_0014aa	NODE_80_length_108661_cov_3.316785	96.468	4218	51	27	1	4177	25737	21577	0.0	6874	4177
52283_0_0014b0	NODE_398_length_37222_cov_2.109509	98.310	2603	37	5	1	2600	30795	28197	0.0	4556	2600
52283_0_0014d5	NODE_70_length_119549_cov_2.654758	99.460	2965	10	5	1	2961	109524	112486	0.0	5382	2961
52283_0_0014fc	NODE_240_length_54964_cov_2.013399	96.946	5959	90	39	1	5912	36621	30708	0.0	9912	5913
52283_0_0014fd	NODE_240_length_54964_cov_2.013399	96.962	3786	62	15	1	3743	29791	26016	0.0	6305	3743
52283_0_001508	NODE_1305_length_11914_cov_1.931289	95.670	3880	71	33	1	3847	8896	5081	0.0	6144	3847
52283_0_001521	NODE_280_length_49434_cov_4.575675	99.654	2600	5	2	1	2596	12971	15570	0.0	4748	2596
52283_0_001524	NODE_126_length_86869_cov_2.750617	99.861	722	1	0	1	722	15264	14543	0.0	1328	722
52283_0_00152b	NODE_102_length_97226_cov_2.076384	98.790	2396	29	0	1	2396	62503	64898	0.0	4265	2396
52283_0_001535	NODE_279_length_49450_cov_2.091976	95.794	1593	59	4	2	1591	37973	39560	0.0	2564	1591
52283_0_001537	NODE_821_length_19322_cov_2.213524	97.812	2788	54	4	1	2785	16309	19092	0.0	4804	2785
52283_0_001539	NODE_150_length_77557_cov_2.225008	98.933	1031	8	2	1	1028	76261	75231	0.0	1840	1028
52283_0_001542	NODE_146_length_78312_cov_2.407233	99.785	3728	8	0	1	3728	47616	43889	0.0	6841	3728
52283_0_001545	NODE_1982_length_7107_cov_1.954403	97.180	2695	36	13	1	2677	1080	3752	0.0	4519	2677
52283_0_001568	NODE_432_length_34482_cov_1.874429	98.312	5804	54	23	238	6013	10708	4921	0.0	10135	6013
52283_0_00156a	NODE_70_length_119549_cov_2.654758	99.700	5326	6	3	1	5326	37347	32032	0.0	9738	5326
52283_0_001570	NODE_330_length_43576_cov_2.307489	98.978	3425	29	2	1	3425	27638	31056	0.0	6126	3425
52283_0_001580	NODE_37_length_154622_cov_3.133395	97.512	2854	24	16	1	2812	66745	69593	0.0	4833	2812
52283_0_00158b	NODE_1895_length_7579_cov_1.807847	97.058	2957	41	25	1	2943	3111	6035	0.0	4937	2943
52283_0_00159b	NODE_103_length_97041_cov_2.335861	98.642	2946	31	4	1	2943	43224	40285	0.0	5210	2943
52283_0_0015a2	NODE_381_length_38814_cov_2.179159	99.705	3725	10	1	1	3725	8601	12324	0.0	6817	3725
52283_0_0015ae	NODE_182_length_66324_cov_2.442149	99.154	1300	3	1	1	1292	11488	12787	0.0	2333	1292
52283_0_0015b2	NODE_935_length_17029_cov_2.367656	98.450	9033	105	18	3	9012	4121	13141	0.0	15873	9012
52283_0_0015c5	NODE_949_length_16670_cov_2.194215	95.745	2656	88	6	1	2639	13070	10423	0.0	4255	2639
52283_0_0015d6	NODE_406_length_36453_cov_2.019812	98.224	3096	38	4	1	3092	20472	17390	0.0	5397	3092
52283_0_0015f2	NODE_91_length_103355_cov_2.308396	99.693	4557	14	0	1	4557	40888	36332	0.0	8338	4557
52283_0_001603	NODE_265_length_51144_cov_2.080693	98.098	1998	35	1	1	1995	25466	23469	0.0	3476	1995
52283_0_00161b	NODE_645_length_23940_cov_2.220991	95.737	3073	55	25	1	3049	7335	4315	0.0	4879	3058
52283_0_00161d	NODE_152_length_75998_cov_2.269743	99.409	1522	9	0	1	1522	2848	1327	0.0	2761	1522
52283_0_00161e	NODE_152_length_75998_cov_2.269743	98.272	3878	48	4	1	3863	6942	3069	0.0	6772	3912
52283_0_001637	NODE_60_length_128521_cov_2.420855	99.534	4507	17	2	1	4507	62932	67434	0.0	8203	4507
52283_0_001638	NODE_60_length_128521_cov_2.420855	99.164	3710	18	4	6	3711	65577	69277	0.0	6667	3711
52283_0_001666	NODE_12_length_217299_cov_2.529306	99.080	1522	6	3	1	1514	217055	215534	0.0	2726	1514
52283_0_001680	NODE_27_length_166611_cov_2.691652	99.882	5932	6	1	1	5932	126299	120369	0.0	10914	5932
52283_0_00168d	NODE_27_length_166611_cov_2.691652	99.625	3736	9	5	1	3732	69362	65628	0.0	6817	3732
52283_0_001691	NODE_906_length_17674_cov_1.973011	97.306	2301	42	10	1	2285	15182	12886	0.0	3888	2285
52283_0_00169b	NODE_19_length_188022_cov_2.945793	99.332	4191	24	3	1	4188	145673	149862	0.0	7581	4188
52283_0_0016b7	NODE_65_length_123011_cov_2.439251	99.785	2321	5	0	1	2321	66949	69269	0.0	4259	2321
52283_0_0016c1	NODE_61_length_128211_cov_2.248868	99.751	4416	7	2	1	4413	126366	121952	0.0	8091	4413
52283_0_0016c6	NODE_1086_length_14484_cov_2.013567	99.722	2158	4	1	1	2156	8918	6761	0.0	3951	2156
52283_0_0016df	NODE_41_length_147494_cov_2.184635	98.101	3265	46	10	1	3257	116995	120251	0.0	5672	3257
52283_0_0016e6	NODE_1959_length_7244_cov_2.212814	95.843	2069	53	17	1	2057	4433	6480	0.0	3314	2057
52283_0_0016ef	NODE_22_length_180772_cov_2.222644	99.328	3127	11	1	1	3127	179742	176626	0.0	5650	3127
52283_0_0016f0	NODE_22_length_180772_cov_2.222644	99.635	3561	12	1	1	3561	175292	178851	0.0	6503	3561
52283_0_0016f1	NODE_22_length_180772_cov_2.222644	99.530	6381	29	1	1	6381	167103	173482	0.0	11616	6381
52283_0_0016f3	NODE_22_length_180772_cov_2.222644	99.102	1336	7	3	1	1335	85643	84312	0.0	2396	1335
52283_0_0016f4	NODE_22_length_180772_cov_2.222644	99.050	3473	20	7	1	3468	84010	87474	0.0	6218	3471
52283_0_0016f7	NODE_22_length_180772_cov_2.222644	99.239	1446	11	0	1	1446	91313	89868	0.0	2610	1448
52283_0_001701	NODE_2362_length_5631_cov_1.954710	93.565	2129	76	23	36	2146	4819	2734	0.0	3116	2146
52283_0_001714	NODE_255_length_53147_cov_2.550173	98.861	3335	34	3	1	3333	10510	7178	0.0	5945	3333
52283_0_001724	NODE_1637_length_8949_cov_2.102512	98.143	2316	41	2	138	2453	208	2521	0.0	4037	2453
52283_0_001727	NODE_1637_length_8949_cov_2.102512	98.345	2658	23	8	151	2796	8863	6215	0.0	4645	2796
52283_0_001731	NODE_497_length_31323_cov_1.997533	97.206	1575	29	9	1	1561	5949	7522	0.0	2651	1561
52283_0_001740	NODE_346_length_42038_cov_2.020106	98.077	988	10	6	1	981	30121	29136	0.0	1711	981
52283_0_00176f	NODE_345_length_42235_cov_2.130733	99.063	4056	30	4	1	4053	38185	42235	0.0	7273	4232
52283_0_001774	NODE_10_length_231019_cov_2.265569	96.473	2325	56	18	1	2318	138328	136023	0.0	3816	2537
52283_0_001778	NODE_10_length_231019_cov_2.265569	99.116	4186	20	13	1	4177	79819	83996	0.0	7509	4177
52283_0_001800	NODE_638_length_24290_cov_1.952562	98.211	1509	19	3	1	1503	20146	18640	0.0	2630	1503
52283_0_00180d	NODE_1_length_462516_cov_2.407418	99.492	3149	14	2	1	3148	145419	148566	0.0	5725	3148
52283_0_001814	NODE_1_length_462516_cov_2.407418	99.758	3719	5	1	1	3715	158157	161875	0.0	6815	3715
52283_0_001826	NODE_175_length_68308_cov_2.375735	99.789	2366	5	0	1	2366	64109	66474	0.0	4342	2366
52283_0_00183c	NODE_41_length_147494_cov_2.184635	97.299	2110	47	1	20	2119	135641	137750	0.0	3572	2119
52283_0_001856	NODE_541_length_28194_cov_1.991668	98.650	3038	33	3	1	3037	3081	51	0.0	5376	3037
52283_0_001862	NODE_17_length_195396_cov_2.174760	99.512	3073	15	0	1	3073	89418	92490	0.0	5592	3073
52283_0_00186a	NODE_345_length_42235_cov_2.130733	97.860	2757	28	16	1	2740	36358	39100	0.0	4735	2740
52283_0_00186e	NODE_242_length_54724_cov_2.353304	99.145	2925	23	1	1	2925	24701	27623	0.0	5262	2925
52283_0_00186f	NODE_16_length_196760_cov_2.550066	99.823	1699	3	0	1	1699	2370	672	0.0	3121	1699
52283_0_00187c	NODE_48_length_138267_cov_2.162063	98.258	3560	38	8	1	3557	51017	54555	0.0	6209	3557
52283_0_00188b	NODE_60_length_128521_cov_2.420855	99.428	3147	16	2	1	3146	63017	59872	0.0	5710	3146
52283_0_0018a1	NODE_268_length_50948_cov_2.073057	97.968	3051	28	9	15	3055	28855	25829	0.0	5260	3055
52283_0_0018a6	NODE_970_length_16301_cov_2.029710	98.339	2589	28	10	1	2581	2668	5249	0.0	4529	2581
52283_0_0018a7	NODE_970_length_16301_cov_2.029710	97.013	2846	40	13	1	2831	12104	9289	0.0	4743	2831
52283_0_0018a9	NODE_858_length_18581_cov_1.895939	94.829	4042	83	34	1	3996	11559	7598	0.0	6191	3996
52283_0_0018b3	NODE_360_length_40665_cov_1.678182	95.849	1831	35	21	243	2047	12897	14712	0.0	2922	2047
52283_0_0018c4	NODE_74_length_115289_cov_2.102528	97.825	3080	50	9	1	3074	47672	50740	0.0	5301	3074
52283_0_0018cc	NODE_411_length_35728_cov_2.311059	98.786	3296	22	7	1	3290	26991	23708	0.0	5849	3290
52283_0_0018e4	NODE_295_length_47346_cov_2.047613	98.477	2626	18	5	1	2609	5239	7859	0.0	4608	2609
52283_0_0018f0	NODE_650_length_23687_cov_2.393112	98.182	2585	41	4	592	3174	10778	13358	0.0	4508	3174
52283_0_0018f5	NODE_194_length_63496_cov_2.364156	99.571	4195	16	2	1	4194	40824	45017	0.0	7646	4194
52283_0_001902	NODE_521_length_29200_cov_2.635017	99.955	8980	2	1	1	8980	7654	16631	0.0	16560	8980
52283_0_001914	NODE_224_length_57567_cov_2.521530	99.729	3696	10	0	1	3696	21815	25510	0.0	6770	3696
52283_0_001926	NODE_346_length_42038_cov_2.020106	96.807	4886	79	31	2	4841	19373	24227	0.0	8087	4841
52283_0_001934	NODE_371_length_39568_cov_1.999138	98.066	1551	18	8	1	1543	9897	11443	0.0	2687	1543
52283_0_00196c	NODE_15_length_198617_cov_2.264597	99.102	4010	26	7	1	4003	46026	50032	0.0	7197	4020
52283_0_00196d	NODE_15_length_198617_cov_2.264597	99.216	3701	23	5	4	3700	53256	49558	0.0	6669	3700
52283_0_001979	NODE_1_length_462516_cov_2.407418	99.748	1986	5	0	1	1986	31316	29331	0.0	3640	1986
52283_0_001986	NODE_287_length_48306_cov_2.288806	99.771	3057	3	1	14	3070	39332	42384	0.0	5603	3070
52283_0_00199b	NODE_175_length_68308_cov_2.375735	99.831	4151	6	1	1	4150	22233	18083	0.0	7625	4150
52283_0_00199e	NODE_175_length_68308_cov_2.375735	99.556	5181	9	3	1	5180	11256	16423	0.0	9428	5180
52283_0_0019a1	NODE_175_length_68308_cov_2.375735	99.700	4003	8	4	1	4001	2625	6625	0.0	7323	4001
52283_0_0019ac	NODE_248_length_53757_cov_2.873746	99.781	2283	3	2	1	2282	45017	47298	0.0	4187	2282
52283_0_0019b1	NODE_87_length_104270_cov_2.307184	99.567	2771	10	1	1	2771	59160	56392	0.0	5049	2771
52283_0_0019b4	NODE_87_length_104270_cov_2.307184	99.325	4149	26	2	1	4147	66047	70195	0.0	7505	4147
52283_0_0019c9	NODE_222_length_57667_cov_2.152339	95.938	640	16	7	1	631	1881	1243	0.0	1029	631
52283_0_0019cc	NODE_256_length_52797_cov_2.391470	97.238	3005	50	15	1	2979	9701	6704	0.0	5059	2979
52283_0_0019cd	NODE_256_length_52797_cov_2.391470	98.231	6784	92	9	1	6766	691	7464	0.0	11838	6766
52283_0_0019d8	NODE_1129_length_13902_cov_1.976071	96.593	1174	37	2	1	1174	8831	7661	0.0	1943	1174
52283_0_0019dc	NODE_474_length_32373_cov_1.941541	96.992	798	23	1	1	797	21352	22149	0.0	1339	799
