52283_0_0019dd	NODE_474_length_32373_cov_1.941541	96.914	3143	47	19	1	3125	22206	19096	0.0	5221	3125
52283_0_0019de	NODE_474_length_32373_cov_1.941541	98.238	3689	36	16	1	3675	17036	20709	0.0	6425	3675
52283_0_0019e7	NODE_253_length_53398_cov_2.034230	97.819	3851	79	5	1	3846	24850	21000	0.0	6641	3846
52283_0_0019eb	NODE_181_length_66442_cov_2.253818	99.224	3221	17	2	1	3221	24635	21423	0.0	5803	3221
52283_0_001a2c	NODE_968_length_16351_cov_2.192919	98.058	4481	71	6	1	4476	9355	4886	0.0	7779	4476
52283_0_001a3a	NODE_129_length_85153_cov_2.157228	99.196	2737	14	4	1	2732	19983	17250	0.0	4926	2732
52283_0_001a47	NODE_63_length_125469_cov_2.811117	99.884	1724	2	0	1	1724	93207	91484	0.0	3173	1724
52283_0_001a51	NODE_63_length_125469_cov_2.811117	99.332	4788	12	5	1	4786	109425	114194	0.0	8647	4786
52283_0_001a72	NODE_192_length_63666_cov_2.604390	99.968	3141	1	0	1	3141	59981	56841	0.0	5795	3141
52283_0_001a75	NODE_192_length_63666_cov_2.604390	99.855	4135	3	3	1	4134	48280	52412	0.0	7600	4134
52283_0_001a8e	NODE_117_length_91290_cov_2.169337	98.614	3536	48	1	1	3535	26705	30240	0.0	6257	3535
52283_0_001aaf	NODE_141_length_83438_cov_1.930035	97.851	4094	49	18	2	4076	76203	80276	0.0	7036	4076
52283_0_001abd	NODE_336_length_43143_cov_2.088004	97.666	4371	48	25	1	4345	21929	26271	0.0	7457	4345
52283_0_001ac5	NODE_352_length_41606_cov_2.046439	98.515	2895	35	4	1	2893	7938	5050	0.0	5101	2893
52283_0_001ace	NODE_352_length_41606_cov_2.046439	98.395	2991	38	5	1	2989	24077	27059	0.0	5249	2990
52283_0_001adb	NODE_1442_length_10480_cov_1.997589	97.132	1883	36	3	1	1868	1482	3361	0.0	3162	1868
52283_0_001ae1	NODE_1074_length_14580_cov_2.106987	98.402	4004	47	13	1	3996	4053	8047	0.0	7023	3996
52283_0_001aeb	NODE_265_length_51144_cov_2.080693	95.910	3839	84	27	1	3798	47515	43709	0.0	6152	3798
52283_0_001aff	NODE_82_length_108247_cov_2.496967	99.755	2044	3	2	1	2044	81532	83573	0.0	3746	2044
52283_0_001b02	NODE_82_length_108247_cov_2.496967	99.783	4152	8	1	1	4151	89905	85754	0.0	7616	4151
52283_0_001b04	NODE_82_length_108247_cov_2.496967	99.321	1915	1	1	1	1903	92151	90237	0.0	3454	1903
52283_0_001b14	NODE_58_length_130576_cov_2.506189	99.657	3210	11	0	1	3210	45601	42392	0.0	5867	3210
52283_0_001b1d	NODE_150_length_77557_cov_2.225008	99.810	5277	9	1	1	5277	53645	58920	0.0	9688	5278
52283_0_001b47	NODE_9_length_233799_cov_2.299540	99.895	1908	2	0	1	1908	64632	62725	0.0	3513	1908
52283_0_001b4b	NODE_77_length_112405_cov_2.564625	99.538	4109	18	1	1	4109	92578	88471	0.0	7481	4109
52283_0_001b70	NODE_330_length_43576_cov_2.307489	98.794	3235	35	3	1	3232	10487	7254	0.0	5755	3232
52283_0_001b74	NODE_330_length_43576_cov_2.307489	98.594	1138	12	2	1	1138	1605	472	0.0	2010	1138
52283_0_001b8b	NODE_250_length_53557_cov_2.174868	98.415	4354	48	7	1	4335	41445	45796	0.0	7638	4342
52283_0_001b8c	NODE_250_length_53557_cov_2.174868	98.579	1196	17	0	1	1196	47240	46045	0.0	2115	1196
52283_0_001b94	NODE_226_length_57300_cov_1.990820	98.055	1851	34	2	1	1850	49811	47962	0.0	3217	1850
52283_0_001b9f	NODE_13_length_214950_cov_2.407105	99.453	1280	7	0	1	1280	105360	106639	0.0	2326	1280
52283_0_001bcf	NODE_21_length_184376_cov_2.398866	99.441	6616	13	4	1	6603	122461	129065	0.0	11991	6603
52283_0_001bd2	NODE_21_length_184376_cov_2.398866	99.190	3702	12	3	1	3687	136274	132576	0.0	6654	3687
52283_0_001bd3	NODE_21_length_184376_cov_2.398866	99.492	1180	6	0	1	1180	136938	138117	0.0	2146	1180
52283_0_001bd6	NODE_21_length_184376_cov_2.398866	99.674	3992	10	2	1	3989	141072	137081	0.0	7297	3989
52283_0_001bdb	NODE_97_length_99506_cov_1.980613	99.639	3320	11	1	1	3320	74842	71524	0.0	6063	3320
52283_0_001be0	NODE_38_length_149726_cov_3.129559	97.806	3555	56	11	2	3543	125565	122020	0.0	6113	3544
52283_0_001bea	NODE_393_length_37484_cov_2.196773	99.080	13157	116	3	1	13156	18626	5474	0.0	23621	13156
52283_0_001bf7	NODE_1071_length_14607_cov_2.155767	99.017	1933	6	5	1	1929	10755	12678	0.0	3452	1929
52283_0_001c01	NODE_954_length_16560_cov_1.738586	95.599	3363	62	28	1	3310	10635	13964	0.0	5312	3329
52283_0_001c02	NODE_38_length_149726_cov_3.129559	97.567	2096	37	7	1	2092	61952	64037	0.0	3576	2092
52283_0_001c0a	NODE_736_length_21491_cov_1.685313	99.482	1543	7	1	1	1542	17072	15530	0.0	2804	1542
52283_0_001c27	NODE_1706_length_8541_cov_1.516014	97.752	2447	40	9	1	2438	47	2487	0.0	4200	2438
52283_0_001c28	NODE_116_length_91581_cov_2.404537	99.291	4653	28	3	1	4649	84592	79941	0.0	8405	4649
52283_0_001c30	NODE_4_length_301591_cov_2.536404	99.703	674	2	0	1	674	160376	159703	0.0	1234	674
52283_0_001c3f	NODE_92_length_102658_cov_2.502355	99.941	1687	1	0	1	1687	20934	19248	0.0	3110	1687
52283_0_001c4a	NODE_447_length_33473_cov_2.133985	98.812	1431	14	1	1	1431	26814	25387	0.0	2545	1431
52283_0_001c57	NODE_524_length_29134_cov_1.904731	94.362	3494	63	56	1	3426	22886	19459	0.0	5238	3426
52283_0_001c59	NODE_2_length_402588_cov_2.478256	99.910	6678	6	0	1	6678	156399	149722	0.0	12299	6678
52283_0_001c72	NODE_1188_length_13314_cov_2.173370	97.655	1066	19	2	1	1064	8182	7121	0.0	1825	1064
52283_0_001c74	NODE_96_length_100004_cov_2.469552	99.731	4456	11	1	1	4455	65711	70166	0.0	8161	4455
52283_0_001c7d	NODE_123_length_88094_cov_1.901583	96.393	4436	101	23	1	4426	23955	28341	0.0	7251	4426
52283_0_001c98	NODE_2950_length_4042_cov_1.763419	95.528	1923	34	22	1	1878	2127	4042	0.0	3027	2601
52283_0_001c9a	NODE_25_length_172343_cov_2.390264	99.412	6119	16	10	1	6106	72669	78780	0.0	11082	6106
52283_0_001ca2	NODE_166_length_70297_cov_1.901790	97.874	3622	36	12	1	3594	61265	57657	0.0	6224	3594
52283_0_001ca6	NODE_166_length_70297_cov_1.901790	98.299	1881	24	4	1	1880	47603	49476	0.0	3290	1880
52283_0_001cb1	NODE_124_length_87542_cov_2.842962	99.691	2914	8	1	1	2914	22446	25358	0.0	5330	2914
52283_0_001ccb	NODE_224_length_57567_cov_2.521530	99.647	5378	12	5	1	5371	18309	12932	0.0	9819	5371
52283_0_001ccd	NODE_273_length_50355_cov_2.205457	99.887	882	1	0	1	882	45758	46639	0.0	1624	882
52283_0_001cdd	NODE_306_length_46676_cov_2.047611	98.285	1982	20	3	54	2024	15998	14020	0.0	3459	2024
52283_0_001ce3	NODE_1928_length_7440_cov_2.283531	98.324	3103	32	6	295	3379	1	3101	0.0	5424	3379
52283_0_001ce4	NODE_345_length_42235_cov_2.130733	99.250	4665	32	2	1	4665	19901	15240	0.0	8418	4665
52283_0_001ce6	NODE_345_length_42235_cov_2.130733	99.086	3064	15	9	1	3057	21659	18602	0.0	5491	3057
52283_0_001cf9	NODE_255_length_53147_cov_2.550173	99.596	3214	12	1	231	3444	827	4039	0.0	5862	3444
52283_0_001d07	NODE_218_length_58165_cov_2.071812	99.344	3203	11	2	1	3195	13841	10641	0.0	5790	3195
52283_0_001d0c	NODE_196_length_62739_cov_2.379926	98.629	2480	10	4	1	2459	6278	8754	0.0	4370	2459
52283_0_001d14	NODE_2_length_402588_cov_2.478256	99.800	5993	12	0	1	5993	66287	72279	0.0	11001	5993
52283_0_001d15	NODE_2_length_402588_cov_2.478256	99.816	3797	6	1	1	3797	76072	72277	0.0	6972	3797
52283_0_001d18	NODE_48_length_138267_cov_2.162063	98.357	2009	29	4	1	2008	119262	117257	0.0	3524	2008
52283_0_001d2b	NODE_809_length_19604_cov_2.155440	99.256	3761	19	6	1	3754	17474	13716	0.0	6782	3754
52283_0_001d52	NODE_72_length_116702_cov_2.673525	99.484	9298	42	3	1	9295	68486	77780	0.0	16899	9295
52283_0_001d57	NODE_219_length_58104_cov_2.184902	99.421	3973	20	3	1	3971	6456	10427	0.0	7206	3971
52283_0_001d76	NODE_391_length_37898_cov_2.130786	98.203	3784	48	10	1	3778	28963	25194	0.0	6593	3778
52283_0_001d84	NODE_646_length_23870_cov_1.839766	94.882	1446	28	22	861	2267	1	1439	0.0	2218	2275
52283_0_001db0	NODE_122_length_88230_cov_2.067295	99.783	3229	4	2	1	3228	81811	78585	0.0	5921	3228
52283_0_001dc1	NODE_493_length_31482_cov_2.168181	98.117	2814	31	14	1	2805	20820	18020	0.0	4883	2805
52283_0_001dc6	NODE_2939_length_4058_cov_2.094502	97.994	2293	39	5	1	2289	394	2683	0.0	3973	2289
52283_0_001dd1	NODE_812_length_19590_cov_2.000667	97.291	4909	76	18	1	4870	6817	1927	0.0	8275	4870
52283_0_001dd5	NODE_599_length_25604_cov_1.967128	99.028	3291	25	7	1	3287	14113	10826	0.0	5893	3287
52283_0_001ddc	NODE_573_length_26926_cov_2.106209	96.556	2729	31	15	3	2715	7197	9878	0.0	4460	2715
52283_0_001ddd	NODE_573_length_26926_cov_2.106209	98.648	2810	21	6	1	2798	6469	3665	0.0	4963	2798
52283_0_001dea	NODE_35_length_156547_cov_2.810005	99.532	2136	8	2	1	2136	44011	46144	0.0	3888	2136
52283_0_001deb	NODE_35_length_156547_cov_2.810005	99.467	938	4	1	1	937	43627	42690	0.0	1703	937
52283_0_001dfd	NODE_244_length_54296_cov_2.152957	99.634	819	1	2	1	819	53679	52863	0.0	1495	819
52283_0_001e2f	NODE_240_length_54964_cov_2.013399	98.181	1924	21	6	1	1919	24097	22183	0.0	3347	1919
52283_0_001e47	NODE_448_length_33458_cov_1.968033	98.286	992	16	1	1	992	9658	10648	0.0	1736	992
52283_0_001e7b	NODE_294_length_47510_cov_2.092871	99.291	2537	13	4	1	2536	28782	31314	0.0	4580	2538
52283_0_001e7c	NODE_294_length_47510_cov_2.092871	98.692	6959	83	5	1	6954	2616	9571	0.0	12340	6954
52283_0_001e8f	NODE_16_length_196760_cov_2.550066	99.943	1745	1	0	1	1745	145000	146744	0.0	3217	1745
52283_0_001e91	NODE_16_length_196760_cov_2.550066	99.790	5712	4	2	1	5705	143654	137944	0.0	10475	5705
52283_0_001e92	NODE_485_length_31739_cov_2.281586	99.260	4056	13	7	1	4040	27687	23633	0.0	7308	4040
52283_0_001e99	NODE_90_length_103413_cov_2.899992	99.825	3996	6	1	1	3995	18379	22374	0.0	7339	3995
52283_0_001e9f	NODE_2967_length_4010_cov_2.118235	97.504	1723	28	6	1	1719	2299	4010	0.0	2929	2224
52283_0_001eba	NODE_19_length_188022_cov_2.945793	99.815	3776	6	1	1	3775	101480	105255	0.0	6933	3775
52283_0_001ebb	NODE_19_length_188022_cov_2.945793	99.594	3693	6	3	1	3688	98888	102576	0.0	6728	3688
52283_0_001ec5	NODE_82_length_108247_cov_2.496967	99.004	3413	10	5	1	3394	43941	47348	0.0	6093	3394
52283_0_001ec6	NODE_82_length_108247_cov_2.496967	99.578	1422	5	1	1	1421	41587	43008	0.0	2591	1421
52283_0_001ecc	NODE_107_length_94334_cov_3.009690	98.286	2800	33	8	1	2796	91439	94227	0.0	4891	3266
52283_0_001ed2	NODE_828_length_19176_cov_2.151377	96.961	691	16	4	75	765	16625	17310	0.0	1155	765
52283_0_001ed4	NODE_1482_length_10140_cov_1.862000	98.160	2446	17	14	1	2422	6963	9404	0.0	4242	2422
52283_0_001ed6	NODE_677_length_22875_cov_1.919786	99.035	3315	21	6	1	3306	7822	11134	0.0	5934	3306
52283_0_001f04	NODE_38_length_149726_cov_3.129559	96.384	3180	54	22	45	3201	93796	90655	0.0	5179	3201
52283_0_001f05	NODE_154_length_75512_cov_2.370764	99.503	1208	6	0	1	1208	39553	38346	0.0	2198	1208
52283_0_001f1c	NODE_245_length_54192_cov_2.026257	99.049	3048	15	7	1	3038	17866	14823	0.0	5456	3038
52283_0_001f32	NODE_527_length_29044_cov_2.299450	99.065	5670	34	6	1	5652	18929	13261	0.0	10159	5652
52283_0_001f4b	NODE_25_length_172343_cov_2.390264	99.245	2915	19	1	1	2915	123965	121054	0.0	5258	2915
52283_0_001f57	NODE_764_length_20829_cov_1.710542	95.107	2759	53	20	1	2720	3627	6342	0.0	4272	2723
52283_0_001f64	NODE_183_length_65989_cov_2.323370	98.593	4405	53	5	1	4402	54637	50239	0.0	7782	4402
52283_0_001f6a	NODE_727_length_21737_cov_1.663784	95.965	2280	45	16	1	2256	16860	19116	0.0	3657	2256
52283_0_001f83	NODE_330_length_43576_cov_2.307489	99.684	1582	5	0	1	1582	28032	26451	0.0	2894	1582
52283_0_001f94	NODE_238_length_55021_cov_2.886177	99.770	6082	10	3	1	6082	28333	34410	0.0	11151	6082
52283_0_001fa6	NODE_5_length_276885_cov_2.979474	98.826	4259	43	5	1	4253	196712	200969	0.0	7581	4253
52283_0_001fbb	NODE_187_length_64558_cov_1.916614	98.292	1581	21	5	1	1576	50216	51795	0.0	2765	1576
52283_0_001fcb	NODE_117_length_91290_cov_2.169337	99.405	3863	17	4	1	3857	53745	57607	0.0	7001	3857
52283_0_001fcf	NODE_421_length_35136_cov_1.866867	97.285	3278	53	14	1	3269	18696	21946	0.0	5528	3298
52283_0_001fdd	NODE_28_length_166526_cov_3.039888	98.920	4258	30	6	1	4248	43076	38825	0.0	7594	4248
52283_0_001ff2	NODE_84_length_107180_cov_2.912169	99.658	3509	12	0	1	3509	74020	77528	0.0	6414	3509
52283_0_001ff6	NODE_84_length_107180_cov_2.912169	99.619	3148	9	2	1	3146	62885	59739	0.0	5744	3146
52283_0_002001	NODE_291_length_48061_cov_2.062190	99.330	3879	23	3	1	3878	25489	21613	0.0	7016	3878
52283_0_00202d	NODE_627_length_24522_cov_1.847282	94.631	2347	71	23	1	2325	8151	5838	0.0	3585	2325
52283_0_002036	NODE_345_length_42235_cov_2.130733	98.914	3683	37	3	1	3681	6697	3016	0.0	6577	3681
52283_0_002037	NODE_345_length_42235_cov_2.130733	99.037	3323	30	2	1	3322	4061	7382	0.0	5958	3322
52283_0_00203f	NODE_522_length_29186_cov_2.649733	99.686	3183	2	4	1	3180	20754	17577	0.0	5816	3180
52283_0_002043	NODE_792_length_19970_cov_2.312302	99.827	3469	6	0	1	3469	10863	14331	0.0	6373	3469
52283_0_002064	NODE_1456_length_10368_cov_2.320464	99.766	2136	4	1	13	2148	3221	1087	0.0	3916	2794
52283_0_00206b	NODE_94_length_101513_cov_3.110294	92.433	3740	102	65	1	3669	50444	46815	0.0	5171	3680
52283_0_00207f	NODE_53_length_133454_cov_2.457482	99.861	1435	2	0	1	1435	65501	64067	0.0	2639	1435
52283_0_00208d	NODE_183_length_65989_cov_2.323370	99.557	3163	11	2	1	3160	31131	34293	0.0	5760	3160
52283_0_00208f	NODE_183_length_65989_cov_2.323370	99.447	3616	15	5	1	3612	37053	33439	0.0	6562	3612
52283_0_00209d	NODE_2313_length_5775_cov_3.614407	97.875	1600	6	4	463	2041	3687	2095	0.0	2741	2041
52283_0_00209f	NODE_38_length_149726_cov_3.129559	97.212	2439	35	14	1	2424	138141	140561	0.0	4096	2424
52283_0_0020ac	NODE_383_length_38718_cov_2.517600	99.438	3559	18	2	1	3557	16969	20527	0.0	6460	3557
52283_0_0020ad	NODE_383_length_38718_cov_2.517600	99.695	4596	12	2	1	4596	28034	23441	0.0	8408	4596
52283_0_0020af	NODE_383_length_38718_cov_2.517600	99.263	4206	19	8	1	4199	35718	31518	0.0	7585	4199
52283_0_0020b0	NODE_383_length_38718_cov_2.517600	98.767	1135	8	5	1	1131	35681	34549	0.0	2013	1131
52283_0_0020c1	NODE_31_length_158413_cov_3.228146	96.971	3301	48	23	1	3295	113086	116340	0.0	5494	3295
52283_0_0020cb	NODE_570_length_27179_cov_1.870844	99.090	1428	7	1	1	1422	10593	9166	0.0	2560	1422
52283_0_0020d6	NODE_273_length_50355_cov_2.205457	98.067	4243	35	10	7	4202	26871	31113	0.0	7337	4202
52283_0_0020d7	NODE_273_length_50355_cov_2.205457	99.491	2948	14	1	1	2948	33598	30652	0.0	5360	2948
52283_0_0020d8	NODE_228_length_56878_cov_2.228090	98.857	2711	20	1	1	2700	32209	34919	0.0	4824	2700
52283_0_0020dc	NODE_228_length_56878_cov_2.228090	98.972	3306	28	3	1	3301	19331	22635	0.0	5912	3301
52283_0_0020e1	NODE_228_length_56878_cov_2.228090	98.518	4857	49	8	1	4851	9106	4267	0.0	8549	4851
52283_0_0020f4	NODE_236_length_55648_cov_2.326089	99.579	3089	7	3	1	3085	44066	47152	0.0	5627	3085
52283_0_002103	NODE_48_length_138267_cov_2.162063	97.962	3092	49	6	1	3088	113287	116368	0.0	5349	3088
52283_0_002109	NODE_1144_length_13681_cov_1.719013	94.639	2798	44	31	1	2755	3992	1258	0.0	4239	2755
52283_0_002110	NODE_1133_length_13799_cov_1.944404	93.926	4923	146	59	1	4826	6183	11049	0.0	7293	4826
52283_0_002115	NODE_1456_length_10368_cov_2.320464	99.697	1321	2	1	3	1323	4850	6168	0.0	2416	1323
52283_0_002129	NODE_105_length_95708_cov_1.744103	99.123	798	6	1	1	798	59357	58561	0.0	1434	798
52283_0_002131	NODE_98_length_99225_cov_2.375164	98.149	3457	30	10	1	3443	20398	16962	0.0	5999	3443
52283_0_002152	NODE_235_length_55901_cov_3.107905	96.550	3362	68	25	2	3341	1847	5182	0.0	5522	3341
52283_0_002165	NODE_207_length_61138_cov_2.241336	98.429	2865	29	5	1	2849	39269	36405	0.0	5027	2849
52283_0_00216b	NODE_437_length_34124_cov_2.611531	99.620	2893	10	1	1	2893	14539	11648	0.0	5280	2893
52283_0_002178	NODE_11_length_221596_cov_1.982653	98.588	4038	29	11	1	4036	42552	46563	0.0	7116	4036
52283_0_00218a	NODE_63_length_125469_cov_2.811117	99.729	4059	10	1	1	4059	40150	44207	0.0	7433	4059
52283_0_0021ac	NODE_563_length_27439_cov_1.902481	98.640	3309	34	7	1	3305	11634	14935	0.0	5851	3305
52283_0_0021b6	NODE_50_length_137790_cov_1.918506	99.460	1482	7	1	1	1481	27595	29076	0.0	2691	1481
52283_0_0021c8	NODE_349_length_41920_cov_2.309168	99.022	1022	10	0	1	1022	15081	14060	0.0	1832	1024
52283_0_0021e1	NODE_24_length_173599_cov_2.759482	99.801	3011	5	1	1	3011	110443	113452	0.0	5526	3011
52283_0_0021e9	NODE_1_length_462516_cov_2.407418	99.635	3288	7	3	1	3283	182844	186131	0.0	6000	3283
52283_0_0021ee	NODE_2_length_402588_cov_2.478256	99.832	2973	5	0	1	2973	138051	135079	0.0	5463	2973
52283_0_002200	NODE_154_length_75512_cov_2.370764	99.728	3674	7	1	1	3671	30979	34652	0.0	6726	3671
52283_0_00220a	NODE_52_length_133538_cov_2.337278	99.694	4574	11	2	1	4571	116632	112059	0.0	8366	4571
52283_0_00220d	NODE_70_length_119549_cov_2.654758	99.604	4543	8	4	1	4543	83810	88342	0.0	8281	4543
52283_0_00220f	NODE_68_length_122105_cov_2.571577	99.745	3532	9	0	1	3532	56540	60071	0.0	6473	3532
52283_0_002217	NODE_512_length_29789_cov_1.924928	99.009	3127	25	5	1	3127	14429	17549	0.0	5616	3127
52283_0_00221a	NODE_54_length_132975_cov_2.235128	99.343	2588	17	0	1	2588	50590	48003	0.0	4686	3041
52283_0_002229	NODE_10_length_231019_cov_2.265569	99.381	3875	23	1	1	3875	28721	32594	0.0	7022	3875
52283_0_002238	NODE_95_length_101331_cov_3.305108	98.761	2018	16	2	1	2018	31454	29446	0.0	3579	2018
52283_0_00223e	NODE_263_length_51616_cov_2.136530	98.991	4954	29	5	1	4951	37356	42291	0.0	8852	4951
52283_0_002243	NODE_372_length_39555_cov_1.767493	98.159	3531	43	11	2	3514	31509	35035	0.0	6141	3514
52283_0_00224a	NODE_406_length_36453_cov_2.019812	98.046	3378	47	11	1	3365	30876	34247	0.0	5854	3365
52283_0_002262	NODE_367_length_40087_cov_2.114944	97.330	5243	79	15	1	5203	24180	29401	0.0	8850	5203
52283_0_002276	NODE_67_length_122594_cov_2.809451	99.742	4265	11	0	1	4265	105909	110173	0.0	7816	4265
52283_0_00227d	NODE_65_length_123011_cov_2.439251	99.056	3495	14	5	1	3492	24828	21350	0.0	6253	3492
52283_0_002288	NODE_65_length_123011_cov_2.439251	99.554	1569	3	3	1	1568	57008	58573	0.0	2856	1568
52283_0_002290	NODE_1061_length_14733_cov_2.284161	97.646	1997	36	7	1	1993	10125	12114	0.0	3417	1993
52283_0_0022b1	NODE_1086_length_14484_cov_2.013567	98.120	5107	64	16	1	5078	7787	2684	0.0	8870	5133
52283_0_0022b4	NODE_279_length_49450_cov_2.091976	98.247	3366	43	8	1	3360	27585	24230	0.0	5875	3360
52283_0_002303	NODE_751_length_21129_cov_1.890047	95.434	3307	84	27	1	3290	12673	9417	0.0	5208	3290
52283_0_00230e	NODE_82_length_108247_cov_2.496967	99.857	3495	2	3	1	3492	25458	21964	0.0	6423	3492
52283_0_00230f	NODE_82_length_108247_cov_2.496967	99.894	3762	2	2	1	3760	24713	20952	0.0	6924	3760
52283_0_002316	NODE_40_length_147848_cov_2.560584	99.919	1231	1	0	1	1231	57547	58777	0.0	2268	1231
52283_0_002326	NODE_587_length_26098_cov_2.206565	99.687	3518	8	1	1	3515	25646	22129	0.0	6433	3515
52283_0_002336	NODE_97_length_99506_cov_1.980613	98.635	879	11	1	1	878	55255	54377	0.0	1555	878
52283_0_00236e	NODE_209_length_60150_cov_2.435134	99.944	3600	1	1	1	3599	34533	30934	0.0	6636	3599
52283_0_002370	NODE_209_length_60150_cov_2.435134	99.830	3539	5	1	1	3538	29702	26164	0.0	6501	3538
52283_0_002373	NODE_209_length_60150_cov_2.435134	99.829	2925	5	0	1	2925	24928	22004	0.0	5374	2925
52283_0_00237c	NODE_354_length_41410_cov_2.387491	99.355	3102	12	1	1	3094	18816	15715	0.0	5611	3094
52283_0_002386	NODE_874_length_18259_cov_2.038131	97.813	4436	78	8	1	4422	4350	8780	0.0	7637	4422
52283_0_002388	NODE_1298_length_11990_cov_1.967253	97.209	2114	44	11	677	2782	11990	9884	0.0	3563	2782
52283_0_002393	NODE_83_length_107753_cov_3.065086	99.705	3049	9	0	1	3049	85749	82701	0.0	5581	3125
52283_0_002397	NODE_48_length_138267_cov_2.162063	99.069	1182	11	0	1	1182	58152	59333	0.0	2122	1182
52283_0_00239d	NODE_87_length_104270_cov_2.307184	99.789	3325	4	3	1	3324	41782	45104	0.0	6098	3324
52283_0_0023b3	NODE_16_length_196760_cov_2.550066	99.835	3022	4	1	1	3022	156494	153474	0.0	5552	3022
52283_0_0023b6	NODE_16_length_196760_cov_2.550066	99.716	3520	3	1	1	3520	147567	151079	0.0	6438	3520
52283_0_0023bd	NODE_85_length_106197_cov_2.370765	99.785	3728	6	2	1	3728	16510	20235	0.0	6839	3728
52283_0_0023c2	NODE_780_length_20368_cov_1.970924	94.620	855	16	13	1	841	13958	14796	0.0	1297	841
52283_0_0023c3	NODE_780_length_20368_cov_1.970924	97.332	2999	56	9	9	2991	19369	16379	0.0	5073	2991
52283_0_0023e1	NODE_23_length_175677_cov_2.330030	99.695	1313	4	0	1	1313	154048	155360	0.0	2403	1313
52283_0_0023e8	NODE_200_length_62558_cov_2.656829	99.814	3229	4	2	1	3229	54250	51024	0.0	5928	3229
52283_0_0023ef	NODE_445_length_33552_cov_1.830657	98.158	2769	50	1	1	2769	21046	23813	0.0	4830	2769
52283_0_0023f9	NODE_350_length_41902_cov_1.858797	92.571	3742	116	67	1	3680	27858	31499	0.0	5221	3680
52283_0_0023fc	NODE_210_length_60055_cov_1.768818	97.553	2820	42	12	1	2811	42356	39555	0.0	4800	2811
52283_0_002405	NODE_11_length_221596_cov_1.982653	98.897	3355	35	2	1	3353	55660	52306	0.0	5989	3353
52283_0_002408	NODE_392_length_37670_cov_2.203999	98.647	3399	13	13	1	3383	17829	14448	0.0	5991	3383
52283_0_00241f	NODE_1264_length_12414_cov_2.040966	99.388	2941	18	0	1	2941	472	3412	0.0	5332	2941
52283_0_002438	NODE_32_length_157174_cov_2.500595	99.238	2492	13	2	1	2489	51837	49349	0.0	4492	2489
52283_0_00244d	NODE_1288_length_12106_cov_1.956565	97.033	1820	41	6	1	1808	10135	11953	0.0	3049	1808
52283_0_002450	NODE_1027_length_15186_cov_1.562720	95.997	2348	57	16	1	2340	11900	14218	0.0	3781	2340
52283_0_002459	NODE_173_length_68899_cov_2.074824	98.882	984	6	3	1	979	45043	46026	0.0	1751	979
52283_0_002466	NODE_476_length_32209_cov_1.846159	99.752	2017	5	0	1	2017	2022	6	0.0	3698	2017
52283_0_002489	NODE_27_length_166611_cov_2.691652	99.098	2661	10	1	1	2661	48731	51377	0.0	4769	2661
52283_0_00248b	NODE_741_length_21364_cov_2.065403	96.831	4544	76	41	1	4503	10668	6152	0.0	7531	4503
52283_0_00249a	NODE_1482_length_10140_cov_1.862000	96.410	4318	66	41	1	4291	1262	5517	0.0	7033	4291
52283_0_00249f	NODE_73_length_115336_cov_2.505854	99.730	8150	21	1	1	8149	69344	61195	0.0	14927	8149
52283_0_0024d7	NODE_1573_length_9321_cov_1.873616	97.588	2944	60	7	1	2943	2346	5279	0.0	5033	2943
52283_0_0024dc	NODE_161_length_71676_cov_2.895088	99.059	850	5	2	1	847	55001	55850	0.0	1522	847
52283_0_0024e6	NODE_102_length_97226_cov_2.076384	98.800	3584	25	6	1	3579	48527	52097	0.0	6364	3579
52283_0_0024f0	NODE_63_length_125469_cov_2.811117	99.600	5753	10	4	1	5744	16119	10371	0.0	10484	5744
52283_0_002517	NODE_3430_length_3102_cov_1.932798	98.378	2466	35	5	1	2465	2462	1	0.0	4327	3361
52283_0_002518	NODE_227_length_57002_cov_1.968870	98.534	2661	26	11	1	2658	474	3124	0.0	4686	2658
52283_0_002548	NODE_660_length_23458_cov_1.799075	97.445	2583	50	11	1	2581	19562	22130	0.0	4390	2582
52283_0_00255b	NODE_90_length_103413_cov_2.899992	99.821	3908	7	0	1	3908	49120	53027	0.0	7179	3908
52283_0_00256e	NODE_662_length_23335_cov_2.197511	99.720	2140	1	1	1	2140	6098	3964	0.0	3914	2140
52283_0_00257a	NODE_215_length_59060_cov_2.168179	99.559	680	3	0	1	680	31411	32090	0.0	1240	680
52283_0_002584	NODE_780_length_20368_cov_1.970924	96.466	3990	38	33	3	3963	2678	6593	0.0	6492	3963
52283_0_002586	NODE_17_length_195396_cov_2.174760	99.718	4262	12	0	1	4262	60096	55835	0.0	7805	4262
52283_0_002589	NODE_17_length_195396_cov_2.174760	99.424	1737	10	0	1	1737	45820	44084	0.0	3153	1737
52283_0_002594	NODE_401_length_37157_cov_1.852022	93.043	2846	55	53	1	2786	139	2901	0.0	4026	2786
52283_0_0025a3	NODE_2516_length_5182_cov_1.725301	97.092	2029	31	6	1	2026	3179	5182	0.0	3395	2247
52283_0_0025a5	NODE_375_length_39342_cov_1.913691	97.235	3074	50	14	1	3070	35651	38693	0.0	5173	3070
52283_0_0025b7	NODE_459_length_32847_cov_1.965390	99.518	3528	13	1	1	3524	2938	6465	0.0	6418	3524
52283_0_0025ee	NODE_226_length_57300_cov_1.990820	98.251	915	9	1	1	908	41741	40827	0.0	1594	908
52283_0_0025f3	NODE_226_length_57300_cov_1.990820	98.568	3701	32	3	1	3686	31388	35082	0.0	6521	3686
52283_0_00260b	NODE_670_length_23138_cov_2.024536	96.657	1765	46	8	1	1764	16131	14379	0.0	2920	1764
52283_0_002623	NODE_48_length_138267_cov_2.162063	97.339	1353	23	7	1	1349	49768	48425	0.0	2287	2245
52283_0_002629	NODE_44_length_145015_cov_3.196930	99.204	3014	11	6	1	3011	102648	99645	0.0	5421	3011
52283_0_002631	NODE_1613_length_9076_cov_2.074512	95.100	2449	42	33	1	2426	6266	8659	0.0	3786	2426
52283_0_002654	NODE_284_length_48753_cov_2.392870	98.800	3418	16	3	1	3399	17048	20459	0.0	6061	3399
52283_0_002660	NODE_1242_length_12599_cov_2.024984	97.266	695	3	7	2	688	8316	9002	0.0	1164	688
52283_0_00266e	NODE_510_length_30241_cov_1.782775	96.399	2749	48	27	1	2714	12003	9271	0.0	4481	2714
52283_0_0026be	NODE_328_length_43901_cov_1.837155	97.583	2648	52	5	1	2638	25754	28399	0.0	4525	2638
52283_0_0026ce	NODE_283_length_48798_cov_2.542239	99.354	2168	4	3	1	2167	45342	43184	0.0	3917	2167
52283_0_0026f6	NODE_38_length_149726_cov_3.129559	98.462	2535	28	4	1	2524	89053	86519	0.0	4455	2524
52283_0_0026f7	NODE_38_length_149726_cov_3.129559	98.115	2494	31	4	1	2484	90253	87766	0.0	4331	2484
52283_0_002708	NODE_1991_length_7041_cov_1.888167	96.470	1643	47	10	1	1638	1797	161	0.0	2702	2528
52283_0_002716	NODE_1011_length_15489_cov_2.481402	99.555	4946	16	5	1	4943	10389	5447	0.0	9007	4943
52283_0_00271d	NODE_454_length_32958_cov_1.959722	99.628	538	2	0	1	538	19155	19692	0.0	983	538
52283_0_002722	NODE_286_length_48606_cov_2.966533	98.712	3961	32	13	1	3949	43034	39081	0.0	7014	3949
52283_0_00272f	NODE_609_length_25203_cov_1.815758	97.291	2621	61	3	1	2618	15132	17745	0.0	4438	2618
52283_0_002730	NODE_81_length_108546_cov_2.283054	99.286	2803	19	1	1	2802	14360	11558	0.0	5064	2802
52283_0_002736	NODE_483_length_31790_cov_2.197007	97.094	2925	31	16	1	2898	20437	23334	0.0	4881	2898
52283_0_00273e	NODE_483_length_31790_cov_2.197007	96.110	1311	40	9	1	1307	841	2144	0.0	2128	1307
52283_0_00274c	NODE_144_length_80989_cov_1.942494	97.574	1278	8	6	1	1277	43734	42479	0.0	2167	1277
52283_0_002750	NODE_144_length_80989_cov_1.942494	98.016	3024	47	5	1	3012	49501	52523	0.0	5240	3012
52283_0_002753	NODE_144_length_80989_cov_1.942494	98.893	3072	29	4	1	3071	55523	52456	0.0	5480	3071
52283_0_002756	NODE_144_length_80989_cov_1.942494	97.805	2232	27	11	1	2225	64748	62532	0.0	3831	2225
52283_0_002798	NODE_99_length_99054_cov_2.339001	98.600	3285	20	7	1	3269	87889	91163	0.0	5788	3269
52283_0_0027ba	NODE_511_length_30229_cov_1.923401	99.245	1457	9	1	1	1455	8554	7098	0.0	2628	1455
52283_0_0027c9	NODE_489_length_31551_cov_1.827608	97.935	1792	15	9	15	1793	14691	12909	0.0	3085	1793
52283_0_0027cb	NODE_489_length_31551_cov_1.827608	97.588	3068	69	4	1	3066	12459	9395	0.0	5251	3066
52283_0_0027cf	NODE_208_length_60787_cov_3.091338	98.811	3869	8	4	1	3867	47433	43601	0.0	6855	3867
52283_0_0027dd	NODE_1316_length_11819_cov_2.825248	99.700	3003	3	2	1	2997	2389	5391	0.0	5491	2997
52283_0_0027e3	NODE_481_length_31934_cov_1.654369	99.493	986	5	0	1	986	21346	20361	0.0	1794	986
52283_0_0027e7	NODE_86_length_106060_cov_2.655051	99.854	2056	3	0	1	2056	37506	39561	0.0	3781	2056
52283_0_0027ef	NODE_35_length_156547_cov_2.810005	99.191	2844	20	2	1	2841	29144	31987	0.0	5121	2841
52283_0_002818	NODE_117_length_91290_cov_2.169337	99.603	3026	11	1	1	3026	76732	79756	0.0	5520	3026
52283_0_002826	NODE_730_length_21659_cov_1.905745	97.980	5248	95	7	1	5244	7098	1858	0.0	9094	5244
52283_0_002831	NODE_22_length_180772_cov_2.222644	98.856	3672	35	2	1216	4886	64573	60908	0.0	6541	4886
52283_0_002832	NODE_22_length_180772_cov_2.222644	99.050	2211	17	2	1116	3326	64570	66776	0.0	3964	3328
52283_0_00285a	NODE_266_length_51116_cov_2.909048	98.397	2995	31	3	1	2978	22988	19994	0.0	5249	2981
52283_0_00285b	NODE_266_length_51116_cov_2.909048	98.174	4875	46	16	1	4857	22085	17236	0.0	8469	4857
52283_0_00285f	NODE_4643_length_1766_cov_1.194562	94.506	1347	24	15	1	1311	1333	1	0.0	2032	1628
52283_0_002868	NODE_47_length_138789_cov_2.773706	99.437	3727	20	1	1	3726	113494	109768	0.0	6765	3726
52283_0_00287b	NODE_6_length_260817_cov_2.692036	99.958	2378	1	0	1	2378	208513	210890	0.0	4386	2378
52283_0_0028a0	NODE_1_length_462516_cov_2.407418	99.904	3113	2	1	1	3112	399065	402177	0.0	5731	3112
52283_0_0028a1	NODE_1_length_462516_cov_2.407418	99.684	4740	14	1	1	4739	401030	396291	0.0	8669	5316
52283_0_0028a4	NODE_156_length_74996_cov_2.185231	99.207	1514	9	1	1	1511	45405	46918	0.0	2726	1511
52283_0_0028bd	NODE_48_length_138267_cov_2.162063	98.016	4738	64	8	1	4713	66437	71169	0.0	8202	4713
52283_0_0028bf	NODE_138_length_83678_cov_2.516807	99.636	4671	15	2	1	4669	7351	12021	0.0	8530	4669
52283_0_0028d2	NODE_440_length_33815_cov_1.946713	98.788	2063	19	4	1	2063	22448	24504	0.0	3666	2063
