atp6	NODE_1111_length_14126_cov_40.320942	99.306	576	4	0	1	576	5243	5818	0.0	1042	579
cob	NODE_1111_length_14126_cov_40.320942	99.527	1056	5	0	1	1056	2417	1362	0.0	1923	1059
coi	NODE_1111_length_14126_cov_40.320942	99.336	1506	10	0	1	1506	2618	4123	0.0	2726	1506
cox2	NODE_1111_length_14126_cov_40.320942	99.111	675	6	0	1	675	4185	4859	0.0	1214	675
cox3	NODE_1111_length_14126_cov_40.320942	99.865	741	1	0	1	741	5866	6606	0.0	1363	750
nad1	NODE_1111_length_14126_cov_40.320942	99.537	864	4	0	1	864	10189	9326	0.0	1574	864
nad2	NODE_1111_length_14126_cov_40.320942	99.329	894	6	0	1	894	1286	393	0.0	1618	894
nad3	NODE_1111_length_14126_cov_40.320942	99.353	309	2	0	1	309	6702	7010	3.68e-159	560	309
nad4	NODE_1111_length_14126_cov_40.320942	99.467	938	5	0	10	947	11280	12217	0.0	1705	948
nad5	NODE_1111_length_14126_cov_40.320942	99.574	1173	5	0	1	1173	12503	13675	0.0	2139	1173
nad6	NODE_1111_length_14126_cov_40.320942	98.425	381	6	0	1	381	10671	10291	0.0	671	381
52283_0_000001	NODE_153_length_75891_cov_2.877923	99.874	6358	6	1	1	6358	18699	25054	0.0	11695	6358
52283_0_000002	NODE_153_length_75891_cov_2.877923	99.949	3940	2	0	1	3940	16503	20442	0.0	7265	3940
52283_0_000006	NODE_41_length_147494_cov_2.184635	98.437	3007	21	9	1	2990	68772	71769	0.0	5269	2990
52283_0_00000d	NODE_41_length_147494_cov_2.184635	99.792	1439	3	0	1	1439	46981	48419	0.0	2641	1439
52283_0_000017	NODE_41_length_147494_cov_2.184635	97.949	1560	25	1	1	1560	26471	28023	0.0	2697	1561
52283_0_00001f	NODE_416_length_35352_cov_2.088590	98.203	2950	43	7	1131	4071	13972	16920	0.0	5145	4071
52283_0_000028	NODE_739_length_21434_cov_1.978427	97.558	3562	51	20	1	3540	9113	12660	0.0	6063	3540
52283_0_00002c	NODE_52_length_133538_cov_2.337278	99.425	2781	12	4	1	2780	55899	53122	0.0	5044	2780
52283_0_000030	NODE_52_length_133538_cov_2.337278	99.534	3430	15	1	1	3429	37341	40770	0.0	6244	3429
52283_0_000038	NODE_52_length_133538_cov_2.337278	97.590	2904	39	7	1	2882	19262	22156	0.0	4946	2882
52283_0_000039	NODE_52_length_133538_cov_2.337278	99.427	3837	9	6	1	3836	15564	19388	0.0	6951	3836
52283_0_000047	NODE_2_length_402588_cov_2.478256	99.637	2477	9	0	1	2477	391921	394397	0.0	4525	2477
52283_0_000050	NODE_2_length_402588_cov_2.478256	99.388	11756	43	4	1	11727	260146	271901	0.0	21283	11727
52283_0_00005d	NODE_2_length_402588_cov_2.478256	99.523	4190	19	1	1	4189	323711	327900	0.0	7625	4189
52283_0_000068	NODE_131_length_84806_cov_2.551544	99.333	1950	10	1	1	1950	27722	25776	0.0	3526	1950
52283_0_00006a	NODE_534_length_28631_cov_1.973948	97.885	3026	45	12	1	3020	16109	19121	0.0	5216	3022
52283_0_000070	NODE_1623_length_9016_cov_2.152049	98.040	3520	58	6	1	3510	7709	4191	0.0	6107	3510
52283_0_000085	NODE_200_length_62558_cov_2.656829	99.768	4305	6	2	1	4301	43482	39178	0.0	7891	4301
52283_0_000089	NODE_10_length_231019_cov_2.265569	99.651	3150	10	1	1	3149	70353	67204	0.0	5755	3149
52283_0_000091	NODE_265_length_51144_cov_2.080693	98.948	2567	13	4	1	2555	3232	5796	0.0	4578	2555
52283_0_000096	NODE_572_length_27050_cov_1.796949	95.436	3747	64	55	1	3698	18744	15056	0.0	5873	3698
52283_0_0000aa	NODE_53_length_133454_cov_2.457482	99.683	3470	10	1	1	3470	103982	100514	0.0	6346	3470
52283_0_0000bf	NODE_124_length_87542_cov_2.842962	99.684	2851	6	2	1	2849	4777	1928	0.0	5212	2849
52283_0_0000d0	NODE_402_length_37104_cov_2.306139	98.910	2386	19	6	1	2383	17586	15205	0.0	4255	2383
52283_0_0000e3	NODE_108_length_93635_cov_2.180403	98.752	2004	12	5	4	1996	46961	44960	0.0	3550	1996
52283_0_0000f8	NODE_33_length_157164_cov_2.684565	99.770	3049	4	1	1	3046	82090	79042	0.0	5589	3046
52283_0_0000fb	NODE_33_length_157164_cov_2.684565	99.745	1176	3	0	1	1176	90803	89628	0.0	2156	1176
52283_0_0000fe	NODE_776_length_20395_cov_2.023910	96.583	3951	83	22	2	3938	12203	8291	0.0	6501	3938
52283_0_000108	NODE_323_length_44616_cov_3.320683	98.724	784	7	2	1	781	38399	39182	0.0	1389	781
52283_0_000109	NODE_908_length_17625_cov_1.822999	95.729	4074	64	39	1	4039	3200	7198	0.0	6458	4039
52283_0_00010c	NODE_1_length_462516_cov_2.407418	99.546	3961	9	2	1	3952	306494	310454	0.0	7206	3952
52283_0_000113	NODE_293_length_47673_cov_1.929713	97.632	4139	61	17	1	4120	27721	31841	0.0	7066	4120
52283_0_00011d	NODE_365_length_40278_cov_1.986008	97.353	1587	33	3	1	1578	17537	19123	0.0	2689	1578
52283_0_000135	NODE_387_length_38372_cov_2.311231	95.848	3854	80	36	1	3837	19389	23179	0.0	6157	3837
52283_0_00013c	NODE_304_length_46816_cov_2.089027	99.113	4509	27	7	1	4501	11906	7403	0.0	8093	4501
52283_0_000149	NODE_34_length_156893_cov_3.082962	97.809	2145	44	3	1	2143	111337	109194	0.0	3698	2143
52283_0_00014a	NODE_34_length_156893_cov_3.082962	94.248	2034	41	28	1	2011	113297	111317	0.0	3038	2011
52283_0_00014f	NODE_94_length_101513_cov_3.110294	97.257	2297	63	0	1	2297	16776	14480	0.0	3893	2297
52283_0_000156	NODE_172_length_69222_cov_2.861744	99.804	3572	7	0	1	3572	22104	25675	0.0	6558	3572
52283_0_00015c	NODE_117_length_91290_cov_2.169337	99.448	3259	16	2	1	3259	89002	85746	0.0	5917	3259
52283_0_000160	NODE_2_length_402588_cov_2.478256	99.678	3421	8	3	1	3420	101241	104659	0.0	6253	3420
52283_0_000167	NODE_677_length_22875_cov_1.919786	97.083	1680	25	6	1	1663	14260	15932	0.0	2809	1663
52283_0_000172	NODE_282_length_49183_cov_2.097999	98.438	4290	46	11	1	4274	31600	35884	0.0	7531	4274
52283_0_00018e	NODE_575_length_26787_cov_1.971323	98.765	4211	37	6	1	4199	19730	23937	0.0	7474	4199
52283_0_000198	NODE_419_length_35233_cov_2.012898	98.723	3760	46	2	1	3759	9484	5726	0.0	6676	3759
52283_0_00019a	NODE_4_length_301591_cov_2.536404	99.064	3312	8	4	1	3312	202519	205807	0.0	5923	3312
52283_0_0001a7	NODE_1_length_462516_cov_2.407418	99.801	4025	5	2	1	4022	263949	267973	0.0	7385	4022
52283_0_0001ac	NODE_909_length_17608_cov_1.866720	99.346	3059	20	0	1078	4136	14855	11797	0.0	5539	4136
52283_0_0001b8	NODE_2_length_402588_cov_2.478256	99.318	4400	12	5	1	4394	116057	120444	0.0	7943	4394
52283_0_0001be	NODE_321_length_44852_cov_2.165642	98.758	1047	10	2	1	1044	20332	19286	0.0	1858	1044
52283_0_0001ea	NODE_31_length_158413_cov_3.228146	97.199	3284	66	5	1	3268	64799	68072	0.0	5531	3268
52283_0_0001ef	NODE_331_length_43492_cov_2.310528	99.486	5451	28	0	1	5451	34255	28805	0.0	9912	5451
52283_0_0001fd	NODE_577_length_26632_cov_1.997247	98.444	2635	35	5	1	2633	13279	10649	0.0	4634	2633
52283_0_000203	NODE_543_length_28140_cov_1.946270	98.528	3194	37	5	1	3188	7455	10644	0.0	5629	3188
52283_0_00020f	NODE_856_length_18610_cov_1.819125	97.055	2547	48	18	1	2543	7162	4639	0.0	4263	2574
52283_0_000212	NODE_1050_length_14920_cov_1.975420	93.987	1264	36	18	1	1235	5490	6742	0.0	1877	1235
52283_0_000213	NODE_1050_length_14920_cov_1.975420	97.422	1086	18	7	1	1084	5383	4306	0.0	1842	1084
52283_0_000227	NODE_227_length_57002_cov_1.968870	97.480	4484	45	23	1	4450	33017	28568	0.0	7592	4450
52283_0_000236	NODE_983_length_15879_cov_2.391616	99.644	1125	4	0	1	1125	3337	2213	0.0	2056	1125
52283_0_000237	NODE_311_length_46308_cov_2.186419	98.453	3684	50	5	1	3679	25274	21593	0.0	6481	3679
52283_0_000242	NODE_48_length_138267_cov_2.162063	99.224	2965	17	5	1	2962	78278	75317	0.0	5343	2962
52283_0_000243	NODE_48_length_138267_cov_2.162063	99.555	4041	18	0	1	4041	77203	73163	0.0	7363	4041
52283_0_00024a	NODE_92_length_102658_cov_2.502355	99.945	3625	2	0	1	3625	4063	7687	0.0	6684	3625
52283_0_000258	NODE_10_length_231019_cov_2.265569	99.458	3139	10	2	1	3138	46021	42889	0.0	5696	3138
52283_0_00027a	NODE_70_length_119549_cov_2.654758	99.079	1411	3	2	1	1401	105246	106656	0.0	2525	1401
52283_0_00027f	NODE_147_length_78174_cov_2.167852	99.258	4310	25	5	1	4305	49961	45654	0.0	7775	4305
52283_0_00029f	NODE_677_length_22875_cov_1.919786	98.482	2899	34	6	1	2893	18296	21190	0.0	5101	2893
52283_0_0002b7	NODE_882_length_18084_cov_2.100762	98.685	1369	17	1	1	1368	12303	10935	0.0	2427	1368
52283_0_0002bf	NODE_178_length_68102_cov_2.768616	99.796	3926	6	1	1	3924	7953	4028	0.0	7204	3924
52283_0_0002c3	NODE_19_length_188022_cov_2.945793	98.817	3211	12	2	1	3211	49032	45848	0.0	5696	3211
52283_0_0002c4	NODE_19_length_188022_cov_2.945793	99.630	2969	7	2	1	2969	49571	52535	0.0	5419	2969
52283_0_0002d1	NODE_19_length_188022_cov_2.945793	99.904	1046	1	0	1	1046	86482	85437	0.0	1927	1046
52283_0_0002e8	NODE_457_length_32903_cov_2.307606	98.748	3994	17	8	1	3970	7503	11487	0.0	7068	3970
52283_0_0002f2	NODE_4_length_301591_cov_2.536404	98.148	1458	2	2	1	1446	258626	257182	0.0	2519	1446
52283_0_0002f6	NODE_4_length_301591_cov_2.536404	99.593	3933	14	2	1	3933	270423	274353	0.0	7173	3933
52283_0_0002f9	NODE_4_length_301591_cov_2.536404	99.802	4036	7	1	1	4036	266898	270932	0.0	7408	4036
52283_0_0002fd	NODE_64_length_123733_cov_2.753547	99.971	3495	1	0	720	4214	123686	120192	0.0	6449	4214
52283_0_000306	NODE_942_length_16830_cov_2.725402	99.641	3340	4	2	552	3883	15172	11833	0.0	6095	3883
52283_0_00032e	NODE_583_length_26429_cov_2.732198	99.664	3871	1	5	4	3866	19559	15693	0.0	7066	3866
52283_0_00033a	NODE_384_length_38713_cov_2.255919	99.456	1287	3	2	1	1283	3394	4680	0.0	2335	1283
52283_0_000349	NODE_138_length_83678_cov_2.516807	99.665	4783	7	3	1	4774	27985	23203	0.0	8735	4774
52283_0_00034c	NODE_630_length_24466_cov_1.846151	96.257	2859	32	20	1	2833	18243	21052	0.0	4617	2833
52283_0_00036a	NODE_414_length_35472_cov_2.637736	99.881	5892	3	3	1	5891	27592	33480	0.0	10839	5891
52283_0_00036f	NODE_93_length_102194_cov_2.996072	95.509	4876	85	37	4	4817	95774	90971	0.0	7668	4817
52283_0_00037c	NODE_106_length_94939_cov_2.054868	99.524	4617	20	2	1	4617	54182	49568	0.0	8403	4617
52283_0_00037d	NODE_106_length_94939_cov_2.054868	99.385	3090	18	1	1	3090	47841	50929	0.0	5600	3090
52283_0_00037f	NODE_110_length_93248_cov_3.125686	97.782	10143	133	31	1	10100	15062	4969	0.0	17400	10100
52283_0_00039c	NODE_16_length_196760_cov_2.550066	99.455	3300	11	2	1	3294	180413	177115	0.0	5987	3294
52283_0_0003a0	NODE_16_length_196760_cov_2.550066	99.823	3952	5	1	1	3952	175405	171456	0.0	7258	3952
52283_0_0003a1	NODE_16_length_196760_cov_2.550066	99.489	2938	3	1	1	2926	173383	170446	0.0	5332	2926
52283_0_0003bb	NODE_236_length_55648_cov_2.326089	99.425	4693	13	5	1	4685	41662	36976	0.0	8504	4685
52283_0_0003c9	NODE_395_length_37345_cov_2.259172	98.610	1727	24	0	1	1727	5776	4050	0.0	3057	1727
52283_0_0003cc	NODE_32_length_157174_cov_2.500595	99.147	3166	15	6	1	3158	125893	122732	0.0	5686	3158
52283_0_0003e3	NODE_161_length_71676_cov_2.895088	99.366	6469	31	7	1	6469	30806	37264	0.0	11710	6469
52283_0_0003e9	NODE_615_length_24973_cov_2.515204	99.602	3766	5	5	1	3757	14299	18063	0.0	6863	3757
52283_0_0003ea	NODE_615_length_24973_cov_2.515204	99.548	4429	7	8	1	4424	11423	15843	0.0	8056	4424
52283_0_0003f1	NODE_944_length_16725_cov_2.117672	97.577	1527	31	5	1	1522	11377	9852	0.0	2610	1522
52283_0_0003f7	NODE_389_length_38035_cov_2.622851	99.141	3959	24	6	1	3954	8667	4714	0.0	7114	3954
52283_0_0003f8	NODE_389_length_38035_cov_2.622851	99.095	3426	25	4	1	3423	9893	6471	0.0	6150	3423
52283_0_0003ff	NODE_389_length_38035_cov_2.622851	98.880	3573	20	5	1	3563	26591	30153	0.0	6359	3563
52283_0_000402	NODE_364_length_40286_cov_2.402116	98.286	3326	32	9	1	3316	34420	37730	0.0	5803	3408
52283_0_00040f	NODE_921_length_17330_cov_2.191126	98.950	4760	39	7	1	4756	2289	7041	0.0	8503	4756
52283_0_000411	NODE_182_length_66324_cov_2.442149	99.662	1183	2	2	199	1379	13269	14451	0.0	2161	1379
52283_0_000436	NODE_1874_length_7701_cov_2.270883	99.253	4819	28	6	1	4816	2888	7701	0.0	8693	5239
52283_0_00044a	NODE_15_length_198617_cov_2.264597	98.966	2515	25	1	1	2515	60494	63007	0.0	4499	2515
52283_0_000466	NODE_78_length_110554_cov_2.165479	99.230	4287	29	4	1	4286	16052	20335	0.0	7731	4286
52283_0_00046b	NODE_1380_length_11170_cov_2.456913	99.286	2381	11	3	1	2381	7775	10149	0.0	4298	2381
52283_0_00046c	NODE_1380_length_11170_cov_2.456913	99.094	4084	21	9	1	4072	4608	8687	0.0	7323	4072
52283_0_000485	NODE_264_length_51430_cov_1.800171	98.371	3438	24	17	1	3419	29895	33319	0.0	6010	3419
52283_0_000496	NODE_62_length_127494_cov_2.757684	99.967	3049	1	0	1	3049	30647	27599	0.0	5626	3049
52283_0_0004a2	NODE_180_length_66701_cov_2.121955	97.946	4576	59	20	1	4568	2967	7515	0.0	7897	4568
52283_0_0004a8	NODE_161_length_71676_cov_2.895088	96.889	2475	44	16	1	2461	2456	1	0.0	4113	3703
52283_0_0004ac	NODE_541_length_28194_cov_1.991668	97.144	3921	73	19	1	3886	21637	25553	0.0	6584	3893
52283_0_0004ad	NODE_541_length_28194_cov_1.991668	98.897	1541	16	1	1	1541	26322	27861	0.0	2750	1541
52283_0_0004bd	NODE_6_length_260817_cov_2.692036	99.721	5024	13	1	1	5024	58477	53455	0.0	9199	5024
52283_0_0004c3	NODE_174_length_68421_cov_1.989811	98.557	2979	31	4	1	2970	32949	35924	0.0	5252	2970
52283_0_0004e8	NODE_1344_length_11500_cov_2.092282	97.461	2048	31	6	6	2051	4203	2175	0.0	3474	2051
52283_0_0004f8	NODE_769_length_20546_cov_2.308050	99.616	3649	14	0	1	3649	10793	14441	0.0	6661	3652
52283_0_000502	NODE_14_length_210216_cov_2.410195	99.772	2193	4	1	1	2192	166338	164146	0.0	4021	2192
52283_0_000511	NODE_209_length_60150_cov_2.435134	99.798	4945	4	1	1	4945	42697	47635	0.0	9071	4945
52283_0_000512	NODE_209_length_60150_cov_2.435134	99.817	4361	4	1	1	4361	45568	49924	0.0	8006	4361
52283_0_000520	NODE_211_length_59752_cov_2.796382	99.845	3877	5	1	1	3876	20141	24017	0.0	7125	3876
52283_0_000523	NODE_211_length_59752_cov_2.796382	99.450	1817	2	2	1	1817	27343	25535	0.0	3293	1817
52283_0_00053c	NODE_516_length_29352_cov_1.766424	96.091	4247	53	42	3	4201	13377	17558	0.0	6818	4201
52283_0_00054b	NODE_400_length_37187_cov_2.018179	99.387	1306	7	1	1	1306	8995	7691	0.0	2366	1306
52283_0_00054f	NODE_67_length_122594_cov_2.809451	99.622	5297	13	5	1	5296	99589	94299	0.0	9664	5296
52283_0_000554	NODE_377_length_39102_cov_2.114667	99.563	6858	23	5	1	6856	17490	10638	0.0	12491	6856
52283_0_000558	NODE_1663_length_8790_cov_1.849867	95.608	1366	44	6	3	1367	3551	4901	0.0	2176	1367
52283_0_00055a	NODE_1501_length_9994_cov_1.904685	94.046	2855	105	29	1	2816	5502	2674	0.0	4270	2816
52283_0_00055f	NODE_99_length_99054_cov_2.339001	99.595	3213	8	3	1	3210	9454	6244	0.0	5856	3210
52283_0_00058b	NODE_93_length_102194_cov_2.996072	98.026	3344	32	10	1	3314	24382	21043	0.0	5779	3314
52283_0_0005a7	NODE_29_length_160790_cov_2.856216	98.186	3197	46	6	1	3191	18183	14993	0.0	5572	3191
52283_0_0005ac	NODE_78_length_110554_cov_2.165479	99.093	2646	12	1	1	2634	98220	95575	0.0	4743	2634
52283_0_0005af	NODE_78_length_110554_cov_2.165479	99.020	2755	25	2	1	2755	99091	101843	0.0	4937	2755
52283_0_0005b4	NODE_1305_length_11914_cov_1.931289	96.837	2371	57	8	9	2377	10324	7970	0.0	3947	2377
52283_0_0005c0	NODE_72_length_116702_cov_2.673525	99.751	4814	6	3	1	4808	51693	46880	0.0	8818	4808
52283_0_0005c4	NODE_152_length_75998_cov_2.269743	98.494	664	8	2	1	662	60860	61523	0.0	1170	664
52283_0_0005c6	NODE_272_length_50412_cov_2.553448	99.380	3224	4	2	1	3223	9894	6686	0.0	5829	3223
52283_0_0005c7	NODE_272_length_50412_cov_2.553448	99.459	924	5	0	1	924	13045	12122	0.0	1679	924
52283_0_0005f4	NODE_1066_length_14660_cov_1.897931	98.067	1345	16	2	747	2091	14660	13326	0.0	2331	2091
52283_0_0005fd	NODE_7_length_259492_cov_2.058061	98.725	6669	56	8	1	6653	208767	202112	0.0	11817	6653
52283_0_0005ff	NODE_7_length_259492_cov_2.058061	99.427	2618	15	0	2	2619	220089	217472	0.0	4752	2619
52283_0_000604	NODE_414_length_35472_cov_2.637736	99.924	1318	1	0	1	1318	18504	19821	0.0	2429	1318
52283_0_00060b	NODE_26_length_167770_cov_2.739477	98.747	2954	24	4	3	2943	161153	158200	0.0	5238	2943
52283_0_000611	NODE_26_length_167770_cov_2.739477	99.665	3578	1	4	1	3574	134728	138298	0.0	6530	3574
52283_0_000613	NODE_26_length_167770_cov_2.739477	99.404	3353	11	4	1	3345	50029	46678	0.0	6072	3345
52283_0_000624	NODE_26_length_167770_cov_2.739477	99.494	4344	22	0	1	4344	127786	123443	0.0	7901	4344
52283_0_000626	NODE_26_length_167770_cov_2.739477	99.597	3226	9	4	1	3226	114845	118066	0.0	5882	3226
52283_0_00062a	NODE_26_length_167770_cov_2.739477	99.812	3190	5	1	1	3190	107060	110248	0.0	5856	3190
52283_0_00062b	NODE_26_length_167770_cov_2.739477	99.752	4428	8	1	1	4428	108181	103757	0.0	8113	4428
52283_0_00063b	NODE_40_length_147848_cov_2.560584	99.729	3691	7	3	1	3689	12066	15755	0.0	6758	3689
52283_0_00063c	NODE_40_length_147848_cov_2.560584	99.920	3773	3	0	1	3773	11241	7469	0.0	6951	3775
52283_0_000642	NODE_26_length_167770_cov_2.739477	99.725	2543	7	0	1	2543	79119	76577	0.0	4658	2543
52283_0_000645	NODE_523_length_29160_cov_2.034356	99.525	3576	16	1	1	3576	23584	20010	0.0	6508	3576
52283_0_000649	NODE_523_length_29160_cov_2.034356	98.195	2991	28	6	1	2969	14435	17421	0.0	5201	2969
52283_0_00065e	NODE_873_length_18274_cov_1.831526	96.057	2790	60	25	1	2755	511	3285	0.0	4497	2769
52283_0_000660	NODE_77_length_112405_cov_2.564625	99.797	3946	7	1	1	3946	20303	24247	0.0	7241	3946
52283_0_000661	NODE_55_length_132288_cov_2.237023	99.052	4009	20	9	1	3993	80921	76915	0.0	7177	3993
52283_0_000676	NODE_645_length_23940_cov_2.220991	99.419	4131	24	0	1	4131	19810	23940	0.0	7496	4330
52283_0_000685	NODE_361_length_40616_cov_2.871621	99.786	4210	6	1	1	4207	33347	37556	0.0	7721	4207
52283_0_000686	NODE_152_length_75998_cov_2.269743	98.626	6258	58	8	1	6240	32704	38951	0.0	11055	6240
52283_0_000687	NODE_152_length_75998_cov_2.269743	98.581	1057	11	2	1	1056	31208	30155	0.0	1866	1056
52283_0_000689	NODE_152_length_75998_cov_2.269743	98.634	2856	19	15	1	2847	25682	22838	0.0	5040	2847
52283_0_00069d	NODE_273_length_50355_cov_2.205457	99.333	899	6	0	1	899	34473	33575	0.0	1628	899
52283_0_0006b8	NODE_722_length_21903_cov_1.792034	94.994	2577	77	23	1	2550	8425	5874	0.0	3997	2550
52283_0_0006be	NODE_302_length_47082_cov_2.283451	98.990	3563	31	5	1	3561	18890	22449	0.0	6375	3561
52283_0_0006bf	NODE_302_length_47082_cov_2.283451	99.294	1982	13	1	1	1981	20288	18307	0.0	3581	1981
52283_0_0006c0	NODE_302_length_47082_cov_2.283451	99.162	2985	24	1	938	3921	14979	17963	0.0	5373	3921
52283_0_0006cc	NODE_34_length_156893_cov_3.082962	98.370	5030	45	15	1	5007	109276	104261	0.0	8800	5007
52283_0_0006df	NODE_7_length_259492_cov_2.058061	99.420	3102	17	1	1	3102	67616	64516	0.0	5627	3102
52283_0_0006e3	NODE_2_length_402588_cov_2.478256	99.548	3097	8	4	4	3097	205339	202246	0.0	5637	3097
52283_0_0006e4	NODE_2_length_402588_cov_2.478256	99.265	3266	13	5	1	3261	241622	238363	0.0	5888	3261
52283_0_0006fc	NODE_213_length_59575_cov_3.198002	98.947	2848	17	5	1	2841	17838	14997	0.0	5081	2841
52283_0_000709	NODE_646_length_23870_cov_1.839766	98.264	2996	44	4	1	2992	2164	5155	0.0	5238	2992
52283_0_000712	NODE_320_length_45016_cov_2.129852	98.889	3239	30	4	1	3236	30775	27540	0.0	5777	3236
52283_0_00072a	NODE_128_length_85462_cov_2.693442	99.818	2749	5	0	1523	4271	85462	82714	0.0	5049	4271
52283_0_000737	NODE_273_length_50355_cov_2.205457	99.151	3063	11	3	1	3060	42711	45761	0.0	5498	3060
52283_0_000739	NODE_273_length_50355_cov_2.205457	99.418	4293	10	4	1	4290	39822	44102	0.0	7775	4290
52283_0_000748	NODE_26_length_167770_cov_2.739477	99.570	2557	11	0	1	2557	84320	86876	0.0	4662	2557
52283_0_000749	NODE_26_length_167770_cov_2.739477	99.514	2883	12	2	1	2882	83274	86155	0.0	5245	2882
52283_0_00074f	NODE_691_length_22541_cov_1.931832	97.790	905	5	5	1	901	20233	21126	0.0	1546	901
52283_0_00075a	NODE_23_length_175677_cov_2.330030	99.545	1539	7	0	1	1539	119358	117820	0.0	2804	1539
52283_0_000764	NODE_590_length_25992_cov_2.290986	99.057	5515	41	5	3	5514	19304	13798	0.0	9886	5514
52283_0_000767	NODE_590_length_25992_cov_2.290986	98.295	3343	39	11	1	3336	3385	54	0.0	5842	3336
52283_0_000769	NODE_590_length_25992_cov_2.290986	98.689	3052	23	6	1	3046	2252	5292	0.0	5398	3046
52283_0_00076d	NODE_12_length_217299_cov_2.529306	99.530	6599	22	4	1	6597	95651	89060	0.0	12006	6597
52283_0_00076e	NODE_12_length_217299_cov_2.529306	99.732	4474	10	2	1	4472	90522	86049	0.0	8194	4472
52283_0_000778	NODE_2493_length_5254_cov_3.070970	94.248	3251	96	36	4	3212	3692	491	0.0	4883	3214
52283_0_000780	NODE_32_length_157174_cov_2.500595	98.602	3147	26	8	1	3140	134018	130883	0.0	5552	3140
52283_0_000798	NODE_155_length_75260_cov_2.719903	99.781	4110	8	1	1	4110	34392	30284	0.0	7539	4130
52283_0_000799	NODE_155_length_75260_cov_2.719903	99.765	2977	5	1	1	2977	37827	34853	0.0	5457	2977
52283_0_00079c	NODE_155_length_75260_cov_2.719903	99.706	1360	3	1	1	1359	45169	43810	0.0	2488	1359
52283_0_00079e	NODE_155_length_75260_cov_2.719903	99.869	3812	5	0	1	3812	48922	52733	0.0	7012	3812
52283_0_0007a6	NODE_178_length_68102_cov_2.768616	99.902	3047	3	0	1	3047	13926	10880	0.0	5611	3047
52283_0_0007b3	NODE_178_length_68102_cov_2.768616	98.880	2769	21	8	1	2763	47252	50016	0.0	4933	2763
52283_0_0007ca	NODE_185_length_65258_cov_2.995334	99.447	4339	20	2	1	4336	29894	25557	0.0	7877	4336
52283_0_0007d1	NODE_1146_length_13659_cov_2.148435	98.676	2190	27	1	1	2190	11373	13560	0.0	3882	2190
52283_0_0007f8	NODE_38_length_149726_cov_3.129559	93.137	1559	49	19	1	1537	44549	43027	0.0	2233	1537
52283_0_0007fe	NODE_35_length_156547_cov_2.810005	98.890	2793	14	3	1	2776	117707	120499	0.0	4970	2776
52283_0_00080b	NODE_35_length_156547_cov_2.810005	99.802	3527	6	1	1	3527	89731	86206	0.0	6473	3527
52283_0_00080c	NODE_35_length_156547_cov_2.810005	99.755	2861	7	0	1	2861	87716	84856	0.0	5245	2861
52283_0_00080e	NODE_35_length_156547_cov_2.810005	99.970	3381	1	0	1	3381	85989	82609	0.0	6239	3381
52283_0_000814	NODE_17_length_195396_cov_2.174760	99.341	1214	4	2	1	1210	162630	163843	0.0	2194	1210
52283_0_000831	NODE_30_length_160003_cov_3.192142	99.599	2996	12	0	1	2996	45485	48480	0.0	5467	2996
52283_0_000835	NODE_402_length_37104_cov_2.306139	99.364	3147	10	8	1	3144	21038	24177	0.0	5692	3144
52283_0_000848	NODE_470_length_32484_cov_2.290057	98.021	3285	36	12	1	3266	869	4143	0.0	5679	3266
52283_0_00084c	NODE_470_length_32484_cov_2.290057	97.400	4384	65	14	1	4353	15968	11603	0.0	7419	4353
52283_0_000853	NODE_6_length_260817_cov_2.692036	100.000	2588	0	0	1571	4158	260791	258204	0.0	4780	4158
52283_0_000854	NODE_263_length_51616_cov_2.136530	97.919	769	14	1	1	767	50693	49925	0.0	1330	767
52283_0_00085a	NODE_733_length_21557_cov_1.985265	96.377	828	18	2	10	828	4530	3706	0.0	1352	828
52283_0_000861	NODE_276_length_50032_cov_2.232507	99.500	3598	16	2	1	3597	10986	14582	0.0	6543	3597
52283_0_000879	NODE_242_length_54724_cov_2.353304	99.052	3901	22	3	1	3894	36718	40610	0.0	6985	3896
52283_0_00087b	NODE_242_length_54724_cov_2.353304	99.466	3742	16	2	1	3742	37167	33430	0.0	6796	3742
52283_0_000888	NODE_31_length_158413_cov_3.228146	99.237	1179	6	1	1	1176	143898	142720	0.0	2124	1176
52283_0_000889	NODE_331_length_43492_cov_2.310528	99.401	1002	4	2	1	1000	28559	27558	0.0	1816	1000
52283_0_000893	NODE_30_length_160003_cov_3.192142	97.810	1187	16	6	1	1178	124275	123090	0.0	2039	1178
52283_0_000897	NODE_30_length_160003_cov_3.192142	97.024	3528	47	23	1	3492	110387	113892	0.0	5880	3492
52283_0_0008b9	NODE_186_length_65015_cov_2.246241	99.289	3234	7	2	1	3234	54728	51511	0.0	5830	3234
52283_0_0008bc	NODE_186_length_65015_cov_2.246241	99.544	2195	6	2	1	2192	46443	48636	0.0	3995	2192
52283_0_0008bd	NODE_35_length_156547_cov_2.810005	99.903	3104	3	0	1	3104	18808	21911	0.0	5716	3104
52283_0_0008c9	NODE_6_length_260817_cov_2.692036	99.903	4125	4	0	1	4125	191589	187465	0.0	7596	4125
52283_0_0008d0	NODE_6_length_260817_cov_2.692036	99.387	3589	10	2	1	3577	178010	174422	0.0	6495	3577
52283_0_0008d4	NODE_6_length_260817_cov_2.692036	99.482	4055	8	4	1	4052	165485	169529	0.0	7360	4052
52283_0_0008d8	NODE_4_length_301591_cov_2.536404	99.910	3315	2	1	1	3315	263447	266760	0.0	6104	3315
52283_0_0008e1	NODE_4_length_301591_cov_2.536404	99.339	2420	13	3	1	2418	299173	301591	0.0	4377	2435
52283_0_0008ea	NODE_1403_length_10927_cov_1.893584	98.438	704	7	3	1	701	6959	7661	0.0	1236	701
52283_0_000900	NODE_4_length_301591_cov_2.536404	99.824	1136	2	0	1	1136	241499	242634	0.0	2087	1136
52283_0_000904	NODE_601_length_25434_cov_2.430873	98.240	2954	50	2	1	2952	4727	1774	0.0	5166	2952
52283_0_000909	NODE_1605_length_9156_cov_1.894638	98.357	4016	35	13	1	4005	3996	1	0.0	7022	4946
52283_0_000915	NODE_39_length_149694_cov_2.681535	99.510	5305	19	4	1	5301	116167	110866	0.0	9646	5301
52283_0_000926	NODE_698_length_22432_cov_2.258367	99.125	1486	6	4	1	1485	3533	2054	0.0	2665	1485
52283_0_000930	NODE_58_length_130576_cov_2.506189	99.663	4155	10	2	1	4152	20299	24452	0.0	7592	4152
52283_0_000960	NODE_182_length_66324_cov_2.442149	99.521	3759	11	1	1	3759	3866	115	0.0	6835	3759
52283_0_000969	NODE_120_length_89713_cov_1.891911	96.565	1863	15	10	1	1858	68608	66790	0.0	3040	1858
52283_0_000975	NODE_551_length_27859_cov_1.820600	96.528	1728	47	5	1	1725	14703	12986	0.0	2846	1725
52283_0_000984	NODE_458_length_32853_cov_2.261835	99.003	2808	12	5	1	2792	26552	23745	0.0	5016	2822
52283_0_0009c9	NODE_56_length_132146_cov_2.292536	99.680	5318	13	3	1	5318	48498	53811	0.0	9723	5318
52283_0_0009db	NODE_193_length_63517_cov_2.342791	99.327	2527	7	1	1	2517	35432	32906	0.0	4564	2517
52283_0_0009f8	NODE_71_length_118313_cov_2.396347	98.760	3065	10	3	1	3039	43753	46815	0.0	5424	3039
52283_0_000a00	NODE_71_length_118313_cov_2.396347	99.242	3563	15	5	1	3554	21114	17555	0.0	6420	3554
52283_0_000a01	NODE_623_length_24658_cov_2.764656	99.496	3573	15	1	1	3573	4183	614	0.0	6495	4235
52283_0_000a2a	NODE_31_length_158413_cov_3.228146	99.036	3111	25	4	1	3110	150581	147475	0.0	5574	3110
52283_0_000a2c	NODE_152_length_75998_cov_2.269743	98.946	1423	13	1	1	1423	56228	57648	0.0	2543	1426
52283_0_000a43	NODE_82_length_108247_cov_2.496967	99.691	2269	5	1	1101	3369	108185	105919	0.0	4150	3369
52283_0_000a45	NODE_108_length_93635_cov_2.180403	97.561	3731	72	9	1	3727	28975	25260	0.0	6368	3727
52283_0_000a4c	NODE_359_length_41060_cov_1.671591	94.831	2457	74	26	1	2424	18033	15597	0.0	3784	2424
52283_0_000a53	NODE_2550_length_5082_cov_1.975055	92.599	1189	30	22	241	1396	781	1944	0.0	1655	1396
52283_0_000a5f	NODE_124_length_87542_cov_2.842962	99.755	3680	7	2	1	3680	19070	15393	0.0	6745	3680
52283_0_000a60	NODE_124_length_87542_cov_2.842962	99.514	4529	9	5	1	4520	16786	12262	0.0	8229	4520
52283_0_000a6e	NODE_615_length_24973_cov_2.515204	99.594	4926	14	3	1	4925	22555	17635	0.0	8981	4925
52283_0_000a74	NODE_35_length_156547_cov_2.810005	99.890	906	1	0	1	906	12635	11730	0.0	1668	906
52283_0_000a84	NODE_1678_length_8706_cov_2.022804	95.590	2721	45	28	1	2654	2863	5575	0.0	4290	2654
52283_0_000a8a	NODE_75_length_114172_cov_2.906690	100.000	1187	0	0	1	1187	25404	26590	0.0	2193	1187
52283_0_000a94	NODE_100_length_98374_cov_2.489045	99.544	3947	17	1	1	3946	54637	50691	0.0	7188	3946
52283_0_000a95	NODE_100_length_98374_cov_2.489045	99.754	3658	7	2	1	3657	56560	52904	0.0	6704	3657
52283_0_000a9e	NODE_90_length_103413_cov_2.899992	98.790	3057	30	7	1	3053	386	3439	0.0	5433	3053
52283_0_000abf	NODE_58_length_130576_cov_2.506189	99.706	2720	8	0	1	2720	106707	103988	0.0	4979	2948
52283_0_000ac1	NODE_58_length_130576_cov_2.506189	99.812	4776	6	1	1	4776	95877	100649	0.0	8767	4776
52283_0_000ac9	NODE_58_length_130576_cov_2.506189	99.804	3068	6	0	1	3068	89267	92334	0.0	5633	3068
52283_0_000ade	NODE_46_length_142770_cov_3.097330	98.736	2768	20	6	1	2760	59028	56268	0.0	4903	2760
52283_0_000aec	NODE_104_length_96588_cov_2.546327	98.868	5478	20	11	1	5453	17387	11927	0.0	9734	5453
52283_0_000af5	NODE_104_length_96588_cov_2.546327	99.534	3646	10	3	1	3644	50558	46918	0.0	6632	3644
52283_0_000af6	NODE_104_length_96588_cov_2.546327	98.955	4306	17	5	1	4296	52265	47978	0.0	7677	4296
52283_0_000b01	NODE_2310_length_5784_cov_2.182443	99.495	3763	18	1	1	3763	4028	267	0.0	6842	3763
52283_0_000b02	NODE_1548_length_9570_cov_1.989217	95.779	2938	63	25	1	2916	7547	4649	0.0	4682	2916
52283_0_000b0f	NODE_339_length_43072_cov_2.021391	96.976	1554	20	11	1	1550	24487	26017	0.0	2584	1550
52283_0_000b11	NODE_339_length_43072_cov_2.021391	98.082	7298	116	12	1	7288	30566	37849	0.0	12680	7288
52283_0_000b1e	NODE_1062_length_14733_cov_1.813158	94.765	4451	100	53	1	4417	7310	2959	0.0	6806	4424
52283_0_000b26	NODE_758_length_20969_cov_2.059018	96.280	2527	49	19	4	2504	2556	5063	0.0	4104	2504
