NODE_1017_length_15360_cov_1.646665	NC_013922.1	100.000	31	0	0	14044	14074	484551	484581	4.86e-05	58.4
NODE_1017_length_15360_cov_1.646665	NC_013922.1	100.000	29	0	0	14047	14075	484547	484575	6.28e-04	54.7
NODE_1024_length_15227_cov_2.039164	NZ_CP085327.1	100.000	29	0	0	6069	6097	1096682	1096654	6.23e-04	54.7
NODE_1040_length_15032_cov_1.985256	NZ_CP011267.1	93.023	43	2	1	5065	5106	1600099	1600057	3.68e-06	62.1
NODE_1040_length_15032_cov_1.985256	NC_021169.1	94.872	39	1	1	5065	5103	679827	679864	1.32e-05	60.2
NODE_1040_length_15032_cov_1.985256	NC_015320.1	100.000	31	0	0	5065	5095	1284530	1284500	4.75e-05	58.4
NODE_1040_length_15032_cov_1.985256	NC_013849.1	100.000	31	0	0	5065	5095	1202111	1202141	4.75e-05	58.4
NODE_1056_length_14854_cov_1.627213	NZ_CP095757.1	80.723	83	13	3	14197	14276	3759571	3759489	3.63e-06	62.1
NODE_1056_length_14854_cov_1.627213	NZ_CP095397.1	88.000	50	6	0	14198	14247	21584	21535	1.31e-05	60.2
NODE_1056_length_14854_cov_1.627213	NZ_CP034145.1	87.037	54	6	1	14198	14251	477968	478020	1.31e-05	60.2
NODE_1056_length_14854_cov_1.627213	NC_015666.1	88.000	50	6	0	14197	14246	3467970	3467921	1.31e-05	60.2
NODE_1056_length_14854_cov_1.627213	NC_013743.1	88.000	50	6	0	14197	14246	2712440	2712391	1.31e-05	60.2
NODE_1056_length_14854_cov_1.627213	NZ_CP031150.1	100.000	31	0	0	14198	14228	956412	956382	4.70e-05	58.4
NODE_1056_length_14854_cov_1.627213	NZ_CP031148.1	100.000	31	0	0	14198	14228	675835	675805	4.70e-05	58.4
NODE_1056_length_14854_cov_1.627213	NZ_CP040330.1	96.875	32	1	0	14197	14228	1842702	1842671	6.08e-04	54.7
NODE_1056_length_14854_cov_1.627213	NC_019962.1	86.000	50	7	0	14197	14246	2004290	2004241	6.08e-04	54.7
NODE_1058_length_14835_cov_1.619465	NZ_CP031311.1	81.000	100	17	2	12556	12654	2498546	2498448	3.60e-11	78.7
NODE_1079_length_14541_cov_1.911642	NC_021313.1	75.237	844	193	13	11503	12338	2050434	2051269	5.16e-104	387
NODE_1079_length_14541_cov_1.911642	NZ_CP082249.1	75.811	740	164	11	11606	12338	2845843	2845112	3.13e-96	361
NODE_1079_length_14541_cov_1.911642	NZ_CP053941.1	77.804	428	86	9	10859	11281	401983	402406	1.52e-64	255
NODE_1079_length_14541_cov_1.911642	NZ_CP034692.1	76.347	427	91	10	10859	11280	1325179	1325600	5.54e-54	220
NODE_1079_length_14541_cov_1.911642	NZ_CP063205.1	82.895	152	20	6	12470	12618	823801	823949	2.67e-27	132
NODE_1079_length_14541_cov_1.911642	NZ_CP034145.1	82.781	151	20	5	12470	12617	1146465	1146612	9.61e-27	130
NODE_1079_length_14541_cov_1.911642	NZ_CP089468.1	78.218	202	40	4	13611	13810	511276	511475	1.24e-25	126
NODE_1079_length_14541_cov_1.911642	NZ_LN831302.1	77.833	203	39	5	13611	13810	542607	542408	5.78e-24	121
NODE_1079_length_14541_cov_1.911642	NZ_CP031311.1	75.697	251	51	9	13567	13812	2678018	2677773	7.48e-23	117
NODE_1079_length_14541_cov_1.911642	NZ_CP019327.1	76.636	214	40	10	12440	12647	2160527	2160318	1.25e-20	110
NODE_1087_length_14478_cov_1.989699	NZ_CP009526.1	100.000	31	0	0	12892	12922	1871728	1871698	4.58e-05	58.4
NODE_1087_length_14478_cov_1.989699	NZ_CP009526.1	96.875	32	1	0	12891	12922	1871747	1871716	5.92e-04	54.7
NODE_1109_length_14168_cov_1.478765	NZ_CP069192.1	88.889	81	9	0	11129	11209	42972	43052	7.34e-18	100
NODE_1109_length_14168_cov_1.478765	NZ_CP050014.1	81.081	111	18	3	11133	11242	2138220	2138112	2.06e-13	86.1
NODE_1123_length_13978_cov_1.873152	NC_013922.1	75.325	154	30	8	7059	7208	1763588	1763439	7.34e-08	67.6
NODE_1123_length_13978_cov_1.873152	NZ_CP085301.1	88.889	54	5	1	1557	1609	3060617	3060564	2.64e-07	65.8
NODE_1123_length_13978_cov_1.873152	NZ_CP059154.1	80.220	91	15	3	7119	7208	2112556	2112644	2.64e-07	65.8
NODE_1123_length_13978_cov_1.873152	NZ_CP073695.1	93.023	43	3	0	1560	1602	2934945	2934903	9.50e-07	63.9
NODE_1123_length_13978_cov_1.873152	NZ_CP053941.1	93.023	43	3	0	1560	1602	1013664	1013622	9.50e-07	63.9
NODE_1123_length_13978_cov_1.873152	NZ_CP019327.1	89.796	49	4	1	7119	7167	3065510	3065557	3.42e-06	62.1
NODE_1123_length_13978_cov_1.873152	NZ_CP034692.1	90.698	43	4	0	1560	1602	1846750	1846708	4.42e-05	58.4
NODE_112_length_92387_cov_2.961268	NC_017034.1	100.000	31	0	0	24123	24153	1599203	1599173	2.93e-04	58.4
NODE_1186_length_13338_cov_1.494821	NZ_CP089466.1	80.000	235	41	6	12288	12519	604864	604633	1.87e-38	169
NODE_1186_length_13338_cov_1.494821	NC_019792.1	75.073	341	71	12	9100	9433	133750	134083	8.75e-32	147
NODE_1186_length_13338_cov_1.494821	NZ_CP071598.1	88.793	116	11	2	8534	8648	572686	572800	4.07e-30	141
NODE_1186_length_13338_cov_1.494821	NZ_CP095491.1	77.974	227	38	10	8428	8648	2696595	2696815	2.45e-27	132
NODE_1186_length_13338_cov_1.494821	NZ_CP089593.1	84.496	129	16	4	8215	8341	883929	883803	4.10e-25	124
NODE_1186_length_13338_cov_1.494821	NC_019974.1	75.481	208	47	4	8158	8363	3148360	3148565	2.48e-17	99.0
NODE_1189_length_13313_cov_1.550977	NZ_CP044523.1	80.909	110	17	4	11728	11835	2137992	2138099	6.94e-13	84.2
NODE_1189_length_13313_cov_1.550977	NZ_CP034692.1	79.464	112	17	6	11727	11835	1411779	1411887	4.18e-10	75.0
NODE_1189_length_13313_cov_1.550977	NZ_CP069188.1	83.750	80	9	4	11758	11835	659236	659159	1.50e-09	73.1
NODE_1189_length_13313_cov_1.550977	NC_013743.1	75.309	162	34	5	11677	11835	1166203	1166361	1.50e-09	73.1
NODE_1189_length_13313_cov_1.550977	NZ_CP076019.1	78.571	112	18	6	11727	11835	423133	423241	1.94e-08	69.4
NODE_1189_length_13313_cov_1.550977	NZ_CP028858.1	82.143	84	11	4	11321	11402	707078	707159	1.94e-08	69.4
NODE_1189_length_13313_cov_1.550977	NZ_CP082249.1	91.667	48	4	0	11788	11835	1259049	1259002	6.99e-08	67.6
NODE_1189_length_13313_cov_1.550977	NZ_CP073695.1	91.667	48	4	0	11788	11835	2490652	2490605	6.99e-08	67.6
NODE_1189_length_13313_cov_1.550977	NZ_CP071463.1	82.051	78	14	0	11758	11835	716477	716554	6.99e-08	67.6
NODE_1189_length_13313_cov_1.550977	NZ_CP053941.1	91.667	48	4	0	11788	11835	481205	481252	6.99e-08	67.6
NODE_1198_length_13182_cov_1.930457	NZ_CP095005.1	73.577	492	101	24	6341	6816	1876214	1876692	3.09e-36	161
NODE_1198_length_13182_cov_1.930457	NZ_CP034692.1	75.874	286	59	9	3925	4205	1162863	1163143	5.20e-29	137
NODE_1198_length_13182_cov_1.930457	NZ_CP030064.1	74.366	355	75	15	3925	4271	912582	912236	5.20e-29	137
NODE_1198_length_13182_cov_1.930457	NZ_AP017569.1	76.754	228	45	6	3925	4148	491837	491614	5.24e-24	121
NODE_1198_length_13182_cov_1.930457	NZ_CP063205.1	78.889	180	28	10	6642	6816	1041807	1041633	8.77e-22	113
NODE_1198_length_13182_cov_1.930457	NZ_CP011947.1	78.889	180	28	10	6642	6816	1002701	1002527	8.77e-22	113
NODE_1198_length_13182_cov_1.930457	NZ_CP034940.1	79.012	162	34	0	3925	4086	1184060	1183899	3.15e-21	111
NODE_1198_length_13182_cov_1.930457	NZ_CP073695.1	75.877	228	47	6	3925	4148	2089661	2089438	1.13e-20	110
NODE_1198_length_13182_cov_1.930457	NZ_CP053941.1	72.265	393	95	13	3925	4310	207104	207489	1.13e-20	110
NODE_1198_length_13182_cov_1.930457	NZ_CP064788.1	78.453	181	27	10	6642	6816	2693423	2693249	4.08e-20	108
NODE_1211_length_12966_cov_1.464489	NZ_CP084472.1	75.285	615	119	29	5964	6561	823791	824389	8.09e-67	263
NODE_1211_length_12966_cov_1.464489	NZ_CP059154.1	73.295	704	150	32	5873	6557	2890622	2891306	3.82e-55	224
NODE_1211_length_12966_cov_1.464489	NC_007426.1	71.300	1223	250	79	4442	5624	972891	971730	4.94e-54	220
NODE_1211_length_12966_cov_1.464489	NC_000854.2	74.848	330	75	6	5964	6289	1028650	1028975	1.10e-30	143
NODE_1211_length_12966_cov_1.464489	NZ_CP095491.1	76.111	180	36	7	4439	4614	3291830	3292006	5.23e-14	87.9
NODE_1215_length_12915_cov_1.984224	NZ_CP089466.1	96.875	32	1	0	6395	6426	1044491	1044522	5.28e-04	54.7
NODE_1227_length_12754_cov_6.073321	NZ_CP048739.1	83.849	291	38	2	5240	5521	3989457	3989747	1.71e-68	268
NODE_1227_length_12754_cov_6.073321	NZ_CP022242.1	73.632	402	88	13	7833	8230	35633	36020	1.40e-29	139
NODE_1227_length_12754_cov_6.073321	NZ_CP022242.1	73.632	402	88	13	7833	8230	1094955	1095342	1.40e-29	139
NODE_1227_length_12754_cov_6.073321	NZ_CP022242.1	88.119	101	12	0	5321	5421	33320	33420	5.07e-24	121
NODE_1227_length_12754_cov_6.073321	NZ_CP022242.1	88.119	101	12	0	5321	5421	1092642	1092742	5.07e-24	121
NODE_1227_length_12754_cov_6.073321	NZ_LR792632.1	88.785	107	12	0	5324	5430	546517	546411	2.34e-27	132
NODE_1227_length_12754_cov_6.073321	NZ_LR792632.1	90.099	101	10	0	5324	5424	1218209	1218309	2.34e-27	132
NODE_1227_length_12754_cov_6.073321	NZ_CP009149.1	90.099	101	10	0	5324	5424	1172547	1172647	2.34e-27	132
NODE_1227_length_12754_cov_6.073321	NZ_CP009149.1	88.785	107	12	0	5324	5430	1606492	1606386	2.34e-27	132
NODE_1227_length_12754_cov_6.073321	NC_015562.1	88.785	107	12	0	5324	5430	1094061	1093955	2.34e-27	132
NODE_1227_length_12754_cov_6.073321	NC_015562.1	88.785	107	12	0	5324	5430	1399577	1399471	2.34e-27	132
NODE_1227_length_12754_cov_6.073321	NC_014122.1	88.785	107	12	0	5324	5430	902724	902618	2.34e-27	132
NODE_1227_length_12754_cov_6.073321	NC_014122.1	90.099	101	10	0	5324	5424	1151565	1151665	2.34e-27	132
NODE_1227_length_12754_cov_6.073321	NC_000909.1	90.099	101	10	0	5324	5424	155555	155655	2.34e-27	132
NODE_1227_length_12754_cov_6.073321	NC_000909.1	88.785	107	12	0	5324	5430	642360	642254	2.34e-27	132
NODE_1227_length_12754_cov_6.073321	NC_013887.1	88.785	107	12	0	5324	5430	103616	103510	2.34e-27	132
NODE_1227_length_12754_cov_6.073321	NC_013887.1	90.099	101	10	0	5324	5424	1432633	1432733	2.34e-27	132
NODE_1227_length_12754_cov_6.073321	NC_013407.1	88.785	107	12	0	5324	5430	625961	625855	2.34e-27	132
NODE_1227_length_12754_cov_6.073321	NC_013407.1	90.099	101	10	0	5324	5424	1571018	1571118	2.34e-27	132
NODE_1227_length_12754_cov_6.073321	NC_013156.1	88.785	107	12	0	5324	5430	195292	195186	2.34e-27	132
NODE_1227_length_12754_cov_6.073321	NC_013156.1	90.099	101	10	0	5324	5424	1011124	1011224	2.34e-27	132
NODE_1229_length_12713_cov_1.427154	NZ_CP058909.1	75.926	216	33	16	264	473	726908	726706	1.10e-15	93.5
NODE_1229_length_12713_cov_1.427154	NZ_CP054587.1	74.236	229	41	15	249	471	1357271	1357055	8.58e-12	80.5
NODE_1229_length_12713_cov_1.427154	NZ_CP007174.1	87.931	58	7	0	264	321	658960	659017	1.86e-08	69.4
NODE_1258_length_12468_cov_1.717488	NZ_CP019285.1	86.765	68	9	0	3218	3285	2645610	2645677	1.09e-10	76.8
NODE_1259_length_12459_cov_1.579203	NZ_CP090371.1	79.508	122	23	2	4364	4484	1036104	1035984	1.81e-13	86.1
NODE_1259_length_12459_cov_1.579203	NZ_CP084463.1	93.333	45	3	0	4364	4408	751314	751358	6.54e-08	67.6
NODE_1259_length_12459_cov_1.579203	NZ_CP034940.1	81.395	86	12	4	4323	4406	812040	812123	6.54e-08	67.6
NODE_1259_length_12459_cov_1.579203	NZ_CP058579.1	100.000	33	0	0	4864	4896	2673668	2673636	3.04e-06	62.1
NODE_1267_length_12383_cov_1.649853	NC_019977.1	94.595	37	2	0	1665	1701	1283190	1283154	3.91e-05	58.4
NODE_1267_length_12383_cov_1.649853	NC_019977.1	94.595	37	2	0	1665	1701	1283196	1283160	3.91e-05	58.4
NODE_1267_length_12383_cov_1.649853	NC_019977.1	94.595	37	2	0	1665	1701	1283202	1283166	3.91e-05	58.4
NODE_1267_length_12383_cov_1.649853	NC_019977.1	94.595	37	2	0	1665	1701	1283208	1283172	3.91e-05	58.4
NODE_1267_length_12383_cov_1.649853	NC_019977.1	96.875	32	1	0	1670	1701	1283209	1283178	5.06e-04	54.7
NODE_1280_length_12183_cov_1.611995	NZ_CP083666.1	84.615	104	12	4	1	102	1200177	1200076	6.31e-18	100
NODE_1280_length_12183_cov_1.611995	NZ_CP039833.1	85.294	102	10	5	3	102	2845515	2845613	6.31e-18	100
NODE_1280_length_12183_cov_1.611995	NZ_CP083723.1	83.333	102	13	4	3	102	1347458	1347359	3.80e-15	91.6
NODE_1280_length_12183_cov_1.611995	NZ_CP085327.1	81.373	102	18	1	1	102	1017293	1017193	2.29e-12	82.4
NODE_1280_length_12183_cov_1.611995	NZ_CP054587.1	94.872	39	1	1	64	102	412956	412993	1.07e-05	60.2
NODE_1301_length_11957_cov_1.823738	NZ_CP083723.1	77.372	137	27	4	5940	6074	2817856	2817722	2.90e-11	78.7
NODE_1301_length_11957_cov_1.823738	NZ_CP083663.1	97.619	42	1	0	6033	6074	1313099	1313058	1.35e-09	73.1
NODE_1306_length_11886_cov_1.736645	NZ_LR216287.1	100.000	29	0	0	9271	9299	341781	341809	4.86e-04	54.7
NODE_1308_length_11874_cov_1.696081	NC_017459.1	97.059	34	1	0	8730	8763	381757	381724	3.75e-05	58.4
NODE_1308_length_11874_cov_1.696081	NC_017459.1	92.500	40	1	2	8730	8767	381763	381724	1.35e-04	56.5
NODE_1308_length_11874_cov_1.696081	NZ_CP083723.1	100.000	29	0	0	8730	8758	2188797	2188769	4.86e-04	54.7
NODE_1308_length_11874_cov_1.696081	NZ_CP071597.1	100.000	29	0	0	8730	8758	3882664	3882636	4.86e-04	54.7
NODE_1308_length_11874_cov_1.696081	NZ_CP058601.1	100.000	29	0	0	8730	8758	2254122	2254094	4.86e-04	54.7
NODE_1308_length_11874_cov_1.696081	NC_013922.1	94.286	35	2	0	8728	8762	1949793	1949759	4.86e-04	54.7
NODE_1313_length_11833_cov_1.549053	NZ_CP031310.1	78.512	121	26	0	2140	2260	1128198	1128078	7.98e-12	80.5
NODE_1318_length_11813_cov_1.826354	NZ_CP059154.1	90.000	50	4	1	11359	11407	3134708	3134757	8.03e-07	63.9
NODE_1320_length_11760_cov_1.181904	NZ_CP026309.1	74.886	219	43	11	3635	3847	1989341	1989129	1.32e-14	89.8
NODE_1320_length_11760_cov_1.181904	NZ_CP089468.1	88.679	53	6	0	3621	3673	2803243	2803191	2.22e-07	65.8
NODE_1320_length_11760_cov_1.181904	NZ_CP030064.1	85.484	62	9	0	3621	3682	268567	268628	2.22e-07	65.8
NODE_1320_length_11760_cov_1.181904	NZ_LN831302.1	88.679	53	6	0	3621	3673	303522	303574	2.22e-07	65.8
NODE_1320_length_11760_cov_1.181904	NZ_CP085330.1	100.000	33	0	0	3641	3673	106059	106091	2.87e-06	62.1
NODE_1320_length_11760_cov_1.181904	NZ_CP095390.1	86.792	53	7	0	3621	3673	2054549	2054601	1.03e-05	60.2
NODE_1320_length_11760_cov_1.181904	NZ_CP095397.1	86.792	53	7	0	3621	3673	1582237	1582185	1.03e-05	60.2
NODE_1320_length_11760_cov_1.181904	NZ_CP058579.1	90.698	43	4	0	3627	3669	3294716	3294758	3.72e-05	58.4
NODE_1331_length_11633_cov_1.884829	NZ_CP065856.1	74.892	462	102	14	7755	8209	3753866	3753412	2.08e-47	198
NODE_1331_length_11633_cov_1.884829	NZ_CP065856.1	71.000	400	83	26	10782	11163	261659	261275	2.20e-07	65.8
NODE_1331_length_11633_cov_1.884829	NC_015666.1	78.095	315	67	2	7755	8068	1503633	1503946	2.08e-47	198
NODE_1331_length_11633_cov_1.884829	NZ_CP040637.1	74.395	496	109	14	7755	8241	594488	594002	7.47e-47	196
NODE_1331_length_11633_cov_1.884829	NZ_CP040637.1	78.025	314	65	4	7755	8066	964716	965027	2.69e-46	195
NODE_1331_length_11633_cov_1.884829	NC_018224.1	77.848	316	62	7	7755	8066	1311537	1311848	1.25e-44	189
NODE_1331_length_11633_cov_1.884829	NC_018224.1	74.044	497	109	16	7755	8241	908611	908125	1.62e-43	185
NODE_1331_length_11633_cov_1.884829	NZ_CP064787.1	74.403	461	106	11	7755	8209	1281402	1281856	4.49e-44	187
NODE_1331_length_11633_cov_1.884829	NZ_CP026309.1	74.138	522	103	25	7704	8209	3025276	3024771	4.49e-44	187
NODE_1331_length_11633_cov_1.884829	NZ_CP031311.1	73.333	555	122	21	7668	8209	738505	739046	2.09e-42	182
NODE_1331_length_11633_cov_1.884829	NZ_CP031311.1	75.172	290	64	8	7057	7342	737894	738179	7.68e-27	130
NODE_1331_length_11633_cov_1.884829	NZ_CP039833.1	78.201	289	53	10	7059	7342	838370	838653	9.73e-41	176
NODE_1331_length_11633_cov_1.884829	NZ_CP083666.1	78.007	291	50	12	7059	7342	562525	562808	4.53e-39	171
NODE_1331_length_11633_cov_1.884829	NZ_CP034345.1	74.304	467	91	23	7755	8207	2873965	2873514	4.53e-39	171
NODE_1340_length_11564_cov_1.378067	NZ_CP031310.1	77.622	143	20	11	4841	4977	1150248	1150384	1.01e-10	76.8
NODE_1342_length_11542_cov_1.730557	NC_010085.1	94.286	35	2	0	4952	4986	1363958	1363924	4.72e-04	54.7
NODE_1346_length_11472_cov_1.540885	NZ_CP095757.1	73.116	398	89	17	10327	10715	2111428	2111816	9.80e-26	126
NODE_1346_length_11472_cov_1.540885	NZ_CP095757.1	86.364	88	9	2	3542	3626	855427	855340	9.94e-16	93.5
NODE_1346_length_11472_cov_1.540885	NZ_CP064791.1	82.308	130	20	2	3542	3668	2574027	2574156	9.87e-21	110
NODE_1346_length_11472_cov_1.540885	NZ_CP085882.1	89.773	88	4	3	3543	3626	124708	124794	3.55e-20	108
NODE_1346_length_11472_cov_1.540885	NZ_CP070377.1	89.773	88	4	3	3543	3626	74379	74465	3.55e-20	108
NODE_1346_length_11472_cov_1.540885	NZ_CP070332.2	89.773	88	4	3	3543	3626	110137	110223	3.55e-20	108
NODE_1346_length_11472_cov_1.540885	NZ_CP038631.1	89.773	88	4	3	3543	3626	303745	303831	3.55e-20	108
NODE_1346_length_11472_cov_1.540885	NC_010364.1	89.773	88	4	3	3543	3626	122696	122782	3.55e-20	108
NODE_1346_length_11472_cov_1.540885	NC_002607.1	89.773	88	4	3	3543	3626	122534	122620	3.55e-20	108
NODE_1346_length_11472_cov_1.540885	NZ_CP058334.1	82.031	128	20	2	3543	3667	1817714	1817587	1.28e-19	106
NODE_1346_length_11472_cov_1.540885	NZ_CP040637.1	91.549	71	6	0	3542	3612	2360154	2360224	2.14e-17	99.0
NODE_1346_length_11472_cov_1.540885	NZ_CP040637.1	94.444	36	2	0	2918	2953	2108158	2108193	1.30e-04	56.5
NODE_1351_length_11409_cov_1.587095	NZ_CP065856.1	83.929	112	16	2	6359	6469	4142890	4143000	1.27e-19	106
NODE_1351_length_11409_cov_1.587095	NZ_LN831302.1	73.810	252	51	15	6215	6457	2505377	2505622	1.65e-13	86.1
NODE_1351_length_11409_cov_1.587095	NZ_CP090371.1	80.808	99	15	4	6373	6469	6846	6750	3.58e-10	75.0
NODE_1351_length_11409_cov_1.587095	NZ_CP090371.1	88.889	54	4	2	6359	6411	1857403	1857455	2.15e-07	65.8
NODE_1351_length_11409_cov_1.587095	NZ_CP034940.1	88.525	61	7	0	6357	6417	315863	315923	3.58e-10	75.0
NODE_1351_length_11409_cov_1.587095	NZ_CP071462.1	100.000	29	0	0	7865	7893	2987684	2987712	4.66e-04	54.7
NODE_1351_length_11409_cov_1.587095	NZ_CP058335.1	90.244	41	4	0	6359	6399	3317492	3317532	4.66e-04	54.7
NODE_1361_length_11276_cov_1.538827	NC_019964.1	94.444	36	1	1	2053	2087	3180117	3180152	4.61e-04	54.7
NODE_1372_length_11202_cov_1.530430	NC_007426.1	87.234	47	6	0	7979	8025	1291692	1291646	4.58e-04	54.7
NODE_1393_length_11015_cov_1.806401	NZ_CP024047.1	95.833	48	2	0	1056	1103	958719	958672	2.67e-11	78.7
NODE_1393_length_11015_cov_1.806401	NZ_CP027033.1	95.833	48	2	0	1056	1103	2769004	2769051	2.67e-11	78.7
NODE_1393_length_11015_cov_1.806401	NZ_CP007060.1	83.146	89	10	5	1058	1143	2533269	2533183	9.61e-11	76.8
NODE_1393_length_11015_cov_1.806401	NZ_CP095390.1	76.224	143	26	8	965	1103	242740	242878	1.61e-08	69.4
NODE_1393_length_11015_cov_1.806401	NZ_CP095390.1	91.304	46	4	0	1058	1103	2048220	2048265	7.48e-07	63.9
NODE_1393_length_11015_cov_1.806401	NZ_CP095390.1	89.362	47	4	1	1071	1116	2919567	2919521	3.48e-05	58.4
NODE_1393_length_11015_cov_1.806401	NZ_CP095397.1	76.224	143	26	8	965	1103	3457857	3457719	1.61e-08	69.4
NODE_1393_length_11015_cov_1.806401	NZ_CP095397.1	85.484	62	8	1	1056	1116	366936	366997	7.48e-07	63.9
NODE_1393_length_11015_cov_1.806401	NZ_CP071597.1	93.333	45	3	0	1059	1103	2660714	2660758	5.78e-08	67.6
NODE_1393_length_11015_cov_1.806401	NZ_CP095491.1	91.304	46	4	0	1058	1103	1856325	1856370	7.48e-07	63.9
NODE_1393_length_11015_cov_1.806401	NZ_CP095491.1	97.222	36	1	0	1068	1103	2128735	2128700	2.69e-06	62.1
NODE_1393_length_11015_cov_1.806401	NZ_CP095394.1	91.304	46	4	0	1058	1103	2018534	2018579	7.48e-07	63.9
NODE_1393_length_11015_cov_1.806401	NZ_CP095394.1	89.362	47	4	1	1071	1116	2942995	2942949	3.48e-05	58.4
NODE_1393_length_11015_cov_1.806401	NZ_CP063207.1	84.211	57	7	2	2787	2842	204281	204226	4.50e-04	54.7
NODE_1393_length_11015_cov_1.806401	NZ_CP011949.1	84.211	57	7	2	2787	2842	94758	94703	4.50e-04	54.7
NODE_1394_length_11015_cov_1.194241	NZ_CP071463.1	72.196	856	213	24	6943	7786	3471280	3470438	1.16e-59	239
NODE_1394_length_11015_cov_1.194241	NZ_CP044129.1	73.600	625	143	18	6941	7554	1400131	1400744	4.20e-54	220
NODE_1394_length_11015_cov_1.194241	NC_018224.1	71.930	855	202	31	6941	7776	3270071	3270906	1.95e-52	215
NODE_1394_length_11015_cov_1.194241	NZ_CP059154.1	71.655	822	213	20	6941	7752	3593003	3593814	9.08e-51	209
NODE_1394_length_11015_cov_1.194241	NZ_CP040637.1	71.680	851	211	29	6941	7776	2904272	2903437	9.08e-51	209
NODE_1394_length_11015_cov_1.194241	NZ_CP040330.1	71.378	849	211	29	6943	7775	2871853	2871021	9.15e-46	193
NODE_1394_length_11015_cov_1.194241	NZ_CP082249.1	73.488	562	125	21	6941	7490	1317749	1318298	3.29e-45	191
NODE_1394_length_11015_cov_1.194241	NZ_CP084469.1	72.876	612	142	21	7153	7752	3949348	3949947	1.18e-44	189
NODE_1394_length_11015_cov_1.194241	NZ_CP044524.1	71.429	553	135	19	7101	7641	442973	442432	3.38e-25	124
NODE_1394_length_11015_cov_1.194241	NC_014729.1	70.417	551	149	12	6941	7484	1405040	1405583	1.59e-18	102
NODE_1408_length_10854_cov_1.574700	NZ_CP058910.1	90.323	62	4	2	7120	7180	2748426	2748486	7.32e-12	80.5
NODE_1410_length_10805_cov_1.414344	NZ_CP083723.1	73.600	375	66	29	3035	3400	342562	342912	7.18e-22	113
NODE_1410_length_10805_cov_1.414344	NZ_CP054585.1	71.306	467	103	27	3053	3511	1524848	1524405	3.37e-15	91.6
NODE_1410_length_10805_cov_1.414344	NZ_CP095491.1	77.778	126	21	6	2093	2213	2334183	2334306	4.39e-09	71.3
NODE_1410_length_10805_cov_1.414344	NZ_CP058601.1	100.000	31	0	0	2093	2123	3403224	3403194	3.41e-05	58.4
NODE_1415_length_10775_cov_1.602776	NZ_CP095491.1	79.339	121	15	10	4847	4962	403781	403666	9.40e-11	76.8
NODE_1415_length_10775_cov_1.602776	NZ_LT158599.1	94.872	39	2	0	8051	8089	2038274	2038312	2.63e-06	62.1
NODE_1415_length_10775_cov_1.602776	NC_018227.2	94.872	39	2	0	8051	8089	2019964	2020002	2.63e-06	62.1
NODE_1430_length_10644_cov_1.644641	NZ_CP095491.1	79.310	116	16	8	3004	3115	1634001	1633890	3.34e-10	75.0
NODE_1430_length_10644_cov_1.644641	NZ_CP019893.1	77.966	118	14	10	3004	3115	1738807	1738696	7.23e-07	63.9
NODE_1430_length_10644_cov_1.644641	NZ_CP059154.1	100.000	33	0	0	3013	3045	2250685	2250653	2.60e-06	62.1
NODE_1430_length_10644_cov_1.644641	NZ_CP034345.1	96.970	33	1	0	3014	3046	2236485	2236453	1.21e-04	56.5
NODE_1432_length_10629_cov_1.307663	NZ_CP034145.1	100.000	29	0	0	4568	4596	1371340	1371312	4.34e-04	54.7
NODE_1446_length_10439_cov_2.657630	NZ_CP070377.1	75.439	399	92	6	7493	7888	1105441	1105046	1.12e-44	189
NODE_1446_length_10439_cov_2.657630	NZ_CP070332.2	75.188	399	93	6	7493	7888	1116770	1116375	5.22e-43	183
NODE_1446_length_10439_cov_2.657630	NZ_CP085882.1	74.937	399	94	6	7493	7888	1155739	1155344	2.43e-41	178
NODE_1446_length_10439_cov_2.657630	NC_010364.1	74.937	399	94	6	7493	7888	1143395	1143000	2.43e-41	178
NODE_1446_length_10439_cov_2.657630	NC_002607.1	74.937	399	94	6	7493	7888	1150276	1149881	2.43e-41	178
NODE_1446_length_10439_cov_2.657630	NZ_CP084090.1	74.745	392	97	2	7494	7884	3116994	3117384	3.14e-40	174
NODE_1446_length_10439_cov_2.657630	NZ_CP038631.1	74.436	399	96	6	7493	7888	1517129	1516734	5.25e-38	167
NODE_1446_length_10439_cov_2.657630	NZ_CP084463.1	74.046	393	98	4	7494	7884	1410062	1410452	3.16e-35	158
NODE_1446_length_10439_cov_2.657630	NZ_CP065856.1	74.065	401	92	11	7494	7888	727938	727544	4.09e-34	154
NODE_1446_length_10439_cov_2.657630	NZ_CP065856.1	97.727	44	1	0	8610	8653	726903	726860	9.11e-11	76.8
NODE_1446_length_10439_cov_2.657630	NZ_CP076019.1	73.815	401	93	12	7494	7888	1197629	1198023	1.90e-32	148
NODE_1448_length_10435_cov_1.171736	NZ_CP064787.1	76.238	202	42	6	6390	6588	1184214	1184412	1.50e-18	102
NODE_1448_length_10435_cov_1.171736	NZ_CP083667.1	82.143	112	18	2	5566	5676	172567	172457	2.51e-16	95.3
NODE_1448_length_10435_cov_1.171736	NZ_CP064788.1	83.673	98	14	2	6390	6486	2731932	2732028	3.25e-15	91.6
NODE_1448_length_10435_cov_1.171736	NZ_CP007055.1	77.027	148	32	2	6390	6536	641976	641830	5.44e-13	84.2
NODE_1448_length_10435_cov_1.171736	NC_013923.1	96.078	51	0	2	6062	6111	37498	37547	1.96e-12	82.4
NODE_1448_length_10435_cov_1.171736	NZ_CP063205.1	95.652	46	2	0	6060	6105	2559712	2559667	3.27e-10	75.0
NODE_1448_length_10435_cov_1.171736	NZ_CP011947.1	95.652	46	2	0	6060	6105	1975052	1975097	3.27e-10	75.0
NODE_1448_length_10435_cov_1.171736	NZ_CP048739.1	78.571	112	22	2	5566	5676	3831916	3831806	1.18e-09	73.1
NODE_1448_length_10435_cov_1.171736	NZ_CP089588.1	88.889	45	5	0	5387	5431	1849011	1849055	1.19e-04	56.5
NODE_144_length_80989_cov_1.942494	NC_008212.1	92.857	42	3	0	57898	57939	1589053	1589012	1.98e-05	62.1
NODE_1452_length_10415_cov_1.431192	NZ_CP039833.1	75.217	230	47	10	8370	8594	1073076	1073300	5.39e-18	100
NODE_1452_length_10415_cov_1.431192	NZ_CP073695.1	73.270	318	66	16	8267	8575	1358061	1358368	1.94e-17	99.0
NODE_1452_length_10415_cov_1.431192	NZ_CP095491.1	75.109	229	46	10	8359	8582	3453879	3454101	6.97e-17	97.1
NODE_1452_length_10415_cov_1.431192	NZ_CP083723.1	74.783	230	48	10	8370	8594	907445	907669	2.51e-16	95.3
NODE_1452_length_10415_cov_1.431192	NZ_CP083666.1	74.380	242	53	9	8345	8582	783384	783620	2.51e-16	95.3
NODE_1452_length_10415_cov_1.431192	NZ_CP084090.1	72.671	322	72	15	8268	8582	3243850	3243538	9.02e-16	93.5
NODE_1452_length_10415_cov_1.431192	NC_019974.1	72.699	326	65	21	8268	8582	1686718	1687030	4.20e-14	87.9
NODE_1452_length_10415_cov_1.431192	NZ_CP048738.1	74.554	224	38	18	8531	8744	3455942	3456156	7.02e-12	80.5
NODE_1452_length_10415_cov_1.431192	NC_014297.1	73.756	221	48	7	8363	8578	1342237	1342022	2.53e-11	78.7
NODE_1452_length_10415_cov_1.431192	NZ_CP050014.1	82.418	91	13	3	8493	8582	2229805	2229717	9.09e-11	76.8
NODE_1457_length_10354_cov_2.082398	NZ_CP053941.1	81.443	97	10	8	7317	7409	1183477	1183385	1.17e-09	73.1
NODE_1457_length_10354_cov_2.082398	NZ_CP011564.1	93.333	45	3	0	7314	7358	501699	501743	5.44e-08	67.6
NODE_1457_length_10354_cov_2.082398	NZ_CP008874.1	93.333	45	3	0	7314	7358	501950	501994	5.44e-08	67.6
NODE_1457_length_10354_cov_2.082398	NZ_CP095491.1	100.000	32	0	0	9274	9305	1074782	1074813	9.10e-06	60.2
NODE_1469_length_10282_cov_1.746633	NZ_CP012850.1	100.000	29	0	0	7680	7708	1320290	1320318	4.20e-04	54.7
NODE_1497_length_10012_cov_1.877891	NC_013923.1	100.000	29	0	0	7625	7653	122511	122483	4.09e-04	54.7
NODE_1498_length_10007_cov_1.428456	NZ_CP058579.1	80.531	113	16	3	2100	2209	635527	635418	1.88e-12	82.4
NODE_1528_length_9715_cov_1.489067	NZ_CP034940.1	77.593	241	37	14	5904	6135	898877	899109	6.41e-27	130
NODE_1528_length_9715_cov_1.489067	NZ_CP026309.1	77.021	235	35	15	5904	6128	1977375	1977150	4.99e-23	117
NODE_1528_length_9715_cov_1.489067	NZ_CP076019.1	75.949	237	34	17	5904	6128	391329	391554	5.03e-18	100
NODE_1532_length_9679_cov_1.117475	NC_011832.1	81.001	2137	374	27	5194	7314	2750053	2747933	0.0	1668
NODE_1532_length_9679_cov_1.117475	NC_003552.1	79.262	2141	432	10	5180	7314	1163114	1160980	0.0	1483
NODE_1532_length_9679_cov_1.117475	NZ_CP009528.1	78.775	2139	445	8	5181	7313	791045	788910	0.0	1426
NODE_1532_length_9679_cov_1.117475	NZ_CP008746.1	78.448	2139	452	8	5181	7313	2557256	2559391	0.0	1387
NODE_1532_length_9679_cov_1.117475	NZ_CP009530.1	78.448	2139	452	8	5181	7313	2294498	2296633	0.0	1387
NODE_1532_length_9679_cov_1.117475	NZ_CP009504.1	78.373	2127	451	8	5181	7301	2845647	2847770	0.0	1371
NODE_1532_length_9679_cov_1.117475	NZ_CP009503.1	78.373	2127	451	8	5181	7301	3241752	3243875	0.0	1371
NODE_1532_length_9679_cov_1.117475	NZ_CP009520.1	78.230	2136	444	19	5191	7314	3875030	3872904	0.0	1349
NODE_1532_length_9679_cov_1.117475	NZ_CP009524.1	78.125	2144	450	17	5182	7314	3944197	3946332	0.0	1343
NODE_1532_length_9679_cov_1.117475	NZ_CP009506.1	77.726	2155	467	11	5181	7327	1093318	1095467	0.0	1308
NODE_1538_length_9648_cov_1.397819	NZ_CP054708.1	85.047	107	14	2	3185	3290	567098	566993	2.98e-20	108
NODE_1538_length_9648_cov_1.397819	NZ_AP017558.1	82.178	101	10	7	3196	3292	2568384	2568480	6.50e-12	80.5
NODE_1538_length_9648_cov_1.397819	NZ_CP082284.1	95.833	48	2	0	3191	3238	207185	207232	2.34e-11	78.7
NODE_1538_length_9648_cov_1.397819	NZ_CP031311.1	95.652	46	2	0	3193	3238	743906	743951	3.03e-10	75.0
NODE_1538_length_9648_cov_1.397819	NZ_CP058335.1	97.436	39	1	0	3191	3229	3317503	3317541	5.06e-08	67.6
NODE_1538_length_9648_cov_1.397819	NZ_CP034940.1	93.333	45	3	0	3194	3238	2147621	2147577	5.06e-08	67.6
NODE_1538_length_9648_cov_1.397819	NC_016051.1	93.478	46	1	2	3185	3230	309883	309840	5.06e-08	67.6
NODE_1538_length_9648_cov_1.397819	NC_016051.1	91.667	48	4	0	3183	3230	373518	373471	5.06e-08	67.6
NODE_1538_length_9648_cov_1.397819	NZ_CP031312.1	89.130	46	5	0	3191	3236	114525	114480	3.05e-05	58.4
NODE_1560_length_9456_cov_1.857357	NC_021313.1	77.138	643	143	4	8813	9453	2051269	2050629	3.38e-99	370
NODE_1560_length_9456_cov_1.857357	NZ_CP082249.1	76.050	643	149	5	8813	9453	2845112	2845751	5.73e-87	329
NODE_1560_length_9456_cov_1.857357	NZ_CP054707.1	74.507	659	142	20	8809	9454	1269983	1270628	5.90e-67	263
NODE_1560_length_9456_cov_1.857357	NZ_CP031310.1	73.118	651	157	18	8814	9455	3335391	3334750	4.66e-53	217
NODE_1560_length_9456_cov_1.857357	NZ_CP034145.1	82.781	151	20	5	8534	8681	1146612	1146465	6.24e-27	130
NODE_1560_length_9456_cov_1.857357	NZ_CP058335.1	70.251	958	208	64	6610	7530	958974	959891	1.35e-23	119
NODE_1560_length_9456_cov_1.857357	NZ_CP019285.1	75.309	243	45	13	8446	8682	23983	24216	1.36e-18	102
NODE_1560_length_9456_cov_1.857357	NZ_CP095491.1	75.897	195	42	5	8488	8681	809658	809468	2.28e-16	95.3
NODE_1560_length_9456_cov_1.857357	NZ_CP071597.1	74.790	238	41	16	8452	8681	2994652	2994878	1.06e-14	89.8
NODE_1560_length_9456_cov_1.857357	NZ_LN831302.1	75.000	172	37	4	7372	7540	542439	542607	2.97e-10	75.0
NODE_1568_length_9373_cov_1.893975	NZ_CP054587.1	73.604	394	84	17	3814	4200	1357056	1357436	4.78e-28	134
NODE_1568_length_9373_cov_1.893975	NZ_CP058909.1	72.564	390	91	14	3815	4199	726709	727087	6.23e-22	113
NODE_1576_length_9309_cov_1.464992	NZ_CP095390.1	76.066	305	63	10	571	870	3038089	3037790	4.72e-33	150
NODE_1576_length_9309_cov_1.464992	NZ_CP095397.1	76.144	306	61	12	571	870	245362	245661	4.72e-33	150
NODE_1576_length_9309_cov_1.464992	NZ_CP095394.1	75.738	305	64	10	571	870	3068364	3068065	2.19e-31	145
NODE_1576_length_9309_cov_1.464992	NZ_CP058910.1	77.091	275	45	15	607	872	2010854	2010589	7.89e-31	143
NODE_1576_length_9309_cov_1.464992	NZ_CP065856.1	76.404	267	55	7	607	869	736067	736329	3.67e-29	137
NODE_1576_length_9309_cov_1.464992	NC_015666.1	73.856	306	68	11	571	870	126743	127042	2.23e-21	111
NODE_1576_length_9309_cov_1.464992	NZ_CP058334.1	87.179	78	10	0	676	753	1727170	1727247	1.04e-14	89.8
NODE_1582_length_9268_cov_1.843835	NZ_CP089588.1	96.875	32	1	0	8650	8681	687198	687229	3.79e-04	54.7
NODE_1585_length_9261_cov_1.911148	NZ_CP034145.1	100.000	36	0	0	5987	6022	1371335	1371300	4.86e-08	67.6
NODE_1585_length_9261_cov_1.911148	NZ_CP058909.1	89.583	48	5	0	5990	6037	3922101	3922148	2.26e-06	62.1
NODE_1585_length_9261_cov_1.911148	NZ_CP058334.1	94.444	36	2	0	5990	6025	2810907	2810872	1.05e-04	56.5
NODE_1585_length_9261_cov_1.911148	NZ_CP058334.1	86.275	51	7	0	5991	6041	2811745	2811695	1.05e-04	56.5
NODE_1610_length_9137_cov_1.161201	NZ_CP089588.1	83.133	83	14	0	5123	5205	1289049	1288967	7.97e-11	76.8
NODE_1610_length_9137_cov_1.161201	NZ_CP083667.1	87.500	48	6	0	5329	5376	171430	171477	1.04e-04	56.5
NODE_1620_length_9028_cov_1.535606	NZ_CP064786.1	87.143	70	5	3	7590	7657	517884	517951	7.87e-11	76.8
NODE_1620_length_9028_cov_1.535606	NZ_CP035119.1	89.796	49	5	0	7610	7658	2661330	2661282	6.13e-07	63.9
NODE_1620_length_9028_cov_1.535606	NZ_CP035119.1	100.000	30	0	0	7629	7658	2042862	2042833	1.03e-04	56.5
NODE_1620_length_9028_cov_1.535606	NZ_CP064787.1	82.609	69	10	2	7590	7657	1247590	1247523	7.93e-06	60.2
NODE_1620_length_9028_cov_1.535606	NZ_CP044129.1	97.143	35	1	0	7629	7663	2969619	2969653	7.93e-06	60.2
NODE_1620_length_9028_cov_1.535606	NZ_CP028858.1	91.304	46	1	2	7629	7671	179107	179062	7.93e-06	60.2
NODE_1620_length_9028_cov_1.535606	NC_021313.1	97.059	34	1	0	7629	7662	1131903	1131936	2.85e-05	58.4
NODE_1620_length_9028_cov_1.535606	NZ_CP019067.1	100.000	30	0	0	7629	7658	336125	336096	1.03e-04	56.5
NODE_1620_length_9028_cov_1.535606	NC_013158.1	100.000	30	0	0	7629	7658	2415469	2415440	1.03e-04	56.5
NODE_1620_length_9028_cov_1.535606	NZ_CP090371.1	92.105	38	3	0	7626	7663	2404091	2404054	3.69e-04	54.7
NODE_1620_length_9028_cov_1.535606	NZ_CP054710.1	96.875	32	1	0	7631	7662	127202	127171	3.69e-04	54.7
NODE_1624_length_9015_cov_1.774708	NZ_CP095487.1	100.000	32	0	0	6452	6483	2525448	2525479	7.92e-06	60.2
NODE_1653_length_8825_cov_1.507918	NZ_CP026309.1	90.909	44	4	0	1125	1168	4201539	4201496	7.75e-06	60.2
NODE_1653_length_8825_cov_1.507918	NZ_CP063205.1	100.000	31	0	0	1138	1168	50787	50817	2.79e-05	58.4
NODE_1653_length_8825_cov_1.507918	NC_011832.1	90.698	43	4	0	1138	1180	1117292	1117250	2.79e-05	58.4
NODE_1661_length_8800_cov_1.674876	NZ_CP009505.1	100.000	30	0	0	2793	2822	2731020	2731049	1.00e-04	56.5
NODE_1670_length_8752_cov_1.622034	NZ_CP064788.1	95.238	42	2	0	2838	2879	2656245	2656286	4.59e-08	67.6
NODE_1670_length_8752_cov_1.622034	NZ_CP050014.1	95.238	42	2	0	2838	2879	1068102	1068061	4.59e-08	67.6
NODE_1670_length_8752_cov_1.622034	NZ_CP044129.1	95.349	43	0	2	2838	2879	2790084	2790125	4.59e-08	67.6
NODE_1670_length_8752_cov_1.622034	NZ_CP082286.1	97.368	38	1	0	2844	2881	2441963	2442000	1.65e-07	65.8
NODE_1670_length_8752_cov_1.622034	NZ_CP081958.1	73.604	197	40	10	2694	2881	2449286	2449479	1.65e-07	65.8
NODE_1670_length_8752_cov_1.622034	NZ_CP031310.1	95.122	41	2	0	2839	2879	815821	815861	1.65e-07	65.8
NODE_1670_length_8752_cov_1.622034	NZ_CP073695.1	73.958	192	35	14	2699	2879	93281	93468	5.94e-07	63.9
NODE_1670_length_8752_cov_1.622034	NZ_CP031311.1	93.182	44	1	2	2837	2879	456613	456571	5.94e-07	63.9
NODE_1670_length_8752_cov_1.622034	NZ_CP034940.1	93.182	44	1	2	2837	2879	165653	165611	5.94e-07	63.9
NODE_1670_length_8752_cov_1.622034	NZ_CP054587.1	93.182	44	1	2	2837	2879	2563235	2563193	5.94e-07	63.9
NODE_1673_length_8745_cov_1.766505	NZ_CP044523.1	94.286	35	2	0	521	555	2845209	2845243	3.57e-04	54.7
NODE_1682_length_8694_cov_1.496097	NZ_CP054587.1	80.137	146	25	4	2231	2374	2395904	2396047	9.67e-20	106
NODE_1682_length_8694_cov_1.496097	NZ_CP083667.1	82.569	109	17	2	2234	2341	172457	172564	2.09e-16	95.3
NODE_1682_length_8694_cov_1.496097	NZ_CP048739.1	78.195	133	22	6	2234	2364	3831806	3831933	2.11e-11	78.7
NODE_1682_length_8694_cov_1.496097	NC_013923.1	92.308	52	2	2	1799	1849	37547	37497	9.80e-10	73.1
NODE_1682_length_8694_cov_1.496097	NZ_CP063205.1	95.455	44	2	0	1805	1848	2559667	2559710	3.53e-09	71.3
NODE_1682_length_8694_cov_1.496097	NZ_CP011947.1	95.455	44	2	0	1805	1848	1975097	1975054	3.53e-09	71.3
NODE_1692_length_8617_cov_1.402539	NZ_CP044129.1	73.354	653	147	25	2401	3038	2685130	2684490	4.24e-53	217
NODE_1692_length_8617_cov_1.402539	NZ_CP065856.1	74.903	514	103	23	2547	3047	2702717	2703217	1.97e-51	211
NODE_1692_length_8617_cov_1.402539	NZ_CP065856.1	83.333	120	18	2	2719	2837	4058582	4058464	7.41e-21	110
NODE_1692_length_8617_cov_1.402539	NZ_CP065856.1	100.000	31	0	0	2722	2752	1340622	1340592	2.72e-05	58.4
NODE_1692_length_8617_cov_1.402539	NZ_CP065856.1	100.000	29	0	0	2719	2747	3636807	3636779	3.52e-04	54.7
NODE_1692_length_8617_cov_1.402539	NC_015666.1	74.170	542	119	15	2403	2932	3124095	3123563	9.18e-50	206
NODE_1692_length_8617_cov_1.402539	NC_019974.1	74.111	506	115	15	2545	3042	1687199	1686702	1.99e-46	195
NODE_1692_length_8617_cov_1.402539	NZ_CP095394.1	76.657	347	72	9	2710	3052	483917	483576	4.30e-43	183
NODE_1692_length_8617_cov_1.402539	NZ_CP095394.1	74.855	346	80	7	2710	3052	787316	786975	4.36e-33	150
NODE_1692_length_8617_cov_1.402539	NZ_CP095390.1	73.735	514	111	23	2551	3052	750081	750582	5.57e-42	180
NODE_1692_length_8617_cov_1.402539	NZ_CP095390.1	75.434	346	78	7	2710	3052	429690	430031	2.02e-36	161
NODE_1692_length_8617_cov_1.402539	NZ_CP053941.1	73.297	543	123	20	2549	3079	550144	550676	5.57e-42	180
NODE_1692_length_8617_cov_1.402539	NZ_CP073695.1	73.077	520	116	22	2542	3049	1358546	1358039	5.61e-37	163
NODE_1692_length_8617_cov_1.402539	NZ_CP073695.1	75.636	275	56	11	2549	2816	2542205	2542475	7.35e-26	126
NODE_1692_length_8617_cov_1.402539	NC_014297.1	73.062	516	117	21	2545	3049	1341850	1342354	5.61e-37	163
NODE_1692_length_8617_cov_1.402539	NZ_CP095491.1	73.278	479	112	15	2581	3051	3454234	3453764	2.02e-36	161
NODE_1703_length_8546_cov_1.667813	NC_007426.1	93.333	45	3	0	6135	6179	366137	366181	4.48e-08	67.6
NODE_1703_length_8546_cov_1.667813	NZ_CP058910.1	85.455	55	6	2	6126	6179	3116396	3116343	9.71e-05	56.5
NODE_1703_length_8546_cov_1.667813	NZ_CP058909.1	90.476	42	2	2	6139	6179	3686118	3686078	3.49e-04	54.7
NODE_1712_length_8480_cov_1.311626	NZ_CP054585.1	74.542	1147	243	43	747	1867	2192067	2190944	8.13e-125	455
NODE_1712_length_8480_cov_1.311626	NZ_CP076019.1	74.084	1146	246	43	749	1867	238940	240061	2.29e-115	424
NODE_1712_length_8480_cov_1.311626	NZ_CP045142.1	73.735	1146	253	46	747	1867	783555	782433	8.30e-110	405
NODE_1712_length_8480_cov_1.311626	NZ_CP039375.1	73.735	1146	253	46	747	1867	783555	782433	8.30e-110	405
NODE_1712_length_8480_cov_1.311626	NC_013202.1	73.735	1146	253	46	747	1867	124302	123180	8.30e-110	405
NODE_1712_length_8480_cov_1.311626	NZ_CP069191.1	73.890	1149	239	52	751	1867	92237	93356	2.99e-109	403
NODE_1712_length_8480_cov_1.311626	NZ_CP026309.1	73.901	1046	246	27	837	1867	173118	172085	1.80e-106	394
NODE_1712_length_8480_cov_1.311626	NZ_CP026309.1	74.368	277	59	9	1611	1879	723610	723882	2.62e-20	108
NODE_1712_length_8480_cov_1.311626	NZ_CP058910.1	73.657	1154	232	66	745	1861	2918689	2919807	1.40e-102	381
NODE_1712_length_8480_cov_1.311626	NZ_CP084090.1	73.351	1152	249	48	746	1867	2592690	2591567	2.34e-100	374
NODE_1712_length_8480_cov_1.311626	NZ_CP084090.1	72.973	1147	260	48	747	1867	1353091	1354213	8.48e-95	355
NODE_1712_length_8480_cov_1.311626	NZ_CP084466.1	73.374	1153	245	60	747	1867	444269	443147	8.42e-100	372
NODE_1718_length_8448_cov_1.582944	NZ_CP017922.1	95.349	43	2	0	320	362	936063	936021	1.23e-08	69.4
NODE_1718_length_8448_cov_1.582944	NC_021313.1	100.000	33	0	0	330	362	1257268	1257236	2.06e-06	62.1
NODE_1764_length_8187_cov_1.159856	NZ_CP026309.1	96.875	32	1	0	3416	3447	675617	675586	3.34e-04	54.7
NODE_1770_length_8164_cov_1.724823	NZ_CP095487.1	77.132	258	53	6	935	1189	2467006	2466752	1.92e-31	145
NODE_1770_length_8164_cov_1.724823	NZ_CP095397.1	70.237	1055	241	66	161	1174	1431952	1432974	2.49e-30	141
NODE_1770_length_8164_cov_1.724823	NZ_CP089588.1	77.729	229	45	6	977	1202	415034	414809	1.16e-28	135
NODE_1770_length_8164_cov_1.724823	NZ_CP084466.1	94.872	39	0	2	1903	1940	3301195	3301232	7.17e-06	60.2
NODE_1770_length_8164_cov_1.724823	NZ_CP039833.1	92.683	41	1	2	1903	1942	894045	894084	2.58e-05	58.4
NODE_1770_length_8164_cov_1.724823	NZ_CP028858.1	92.308	39	3	0	1903	1941	895375	895337	9.27e-05	56.5
NODE_1786_length_8105_cov_1.334876	NZ_CP069188.1	75.406	431	96	9	436	861	3339626	3340051	4.02e-48	200
NODE_1786_length_8105_cov_1.334876	NZ_CP089468.1	74.837	461	101	13	450	903	2170107	2169655	1.87e-46	195
NODE_1786_length_8105_cov_1.334876	NZ_CP085335.1	78.233	317	59	8	450	761	1992729	1992418	1.87e-46	195
NODE_1786_length_8105_cov_1.334876	NZ_CP040330.1	75.481	416	92	9	450	860	1364116	1363706	1.87e-46	195
NODE_1786_length_8105_cov_1.334876	NC_015666.1	73.849	543	118	22	350	880	3651510	3650980	1.87e-46	195
NODE_1786_length_8105_cov_1.334876	NC_015666.1	76.415	318	73	2	447	763	1503630	1503946	3.15e-39	171
NODE_1786_length_8105_cov_1.334876	NZ_CP048738.1	77.640	322	58	12	447	761	2889998	2890312	4.05e-43	183
NODE_1786_length_8105_cov_1.334876	NZ_CP034940.1	78.405	301	51	12	447	740	1800661	1800954	4.05e-43	183
NODE_1786_length_8105_cov_1.334876	NC_019976.1	75.118	422	89	13	447	860	235422	235835	4.05e-43	183
NODE_1786_length_8105_cov_1.334876	NZ_CP085327.1	77.603	317	55	12	432	740	2586652	2586960	1.88e-41	178
NODE_1786_length_8105_cov_1.334876	NZ_CP059154.1	75.182	411	84	14	450	851	312450	312851	1.88e-41	178
NODE_1786_length_8105_cov_1.334876	NZ_CP059154.1	73.434	463	115	8	450	907	920176	919717	4.07e-38	167
NODE_179_length_67222_cov_2.131007	NC_013922.1	97.222	36	1	0	4726	4761	2918252	2918217	1.65e-05	62.1
NODE_179_length_67222_cov_2.131007	NC_013922.1	97.222	36	1	0	4726	4761	2918288	2918253	1.65e-05	62.1
NODE_179_length_67222_cov_2.131007	NC_017034.1	91.111	45	3	1	4726	4770	1599206	1599163	5.92e-05	60.2
NODE_1817_length_7984_cov_1.652864	NZ_CP058579.1	77.692	130	23	6	233	359	1225006	1224880	2.50e-10	75.0
NODE_1818_length_7979_cov_1.106126	NZ_AP017569.1	91.954	87	4	3	4135	4218	2654528	2654442	1.14e-23	119
NODE_1818_length_7979_cov_1.106126	NZ_CP053941.1	90.805	87	5	3	4135	4218	2387482	2387568	5.30e-22	113
NODE_1818_length_7979_cov_1.106126	NZ_CP058910.1	94.286	70	4	0	4149	4218	3515533	3515464	2.47e-20	108
NODE_1818_length_7979_cov_1.106126	NZ_CP071597.1	92.958	71	3	2	4149	4218	146819	146888	1.15e-18	102
NODE_1818_length_7979_cov_1.106126	NZ_CP071463.1	92.857	70	5	0	4149	4218	2951534	2951603	1.15e-18	102
NODE_1818_length_7979_cov_1.106126	NZ_CP071463.1	87.143	70	9	0	4149	4218	481733	481664	5.38e-12	80.5
NODE_1818_length_7979_cov_1.106126	NC_012029.1	91.549	71	6	0	4149	4219	2072887	2072817	1.48e-17	99.0
NODE_1818_length_7979_cov_1.106126	NZ_CP084472.1	91.429	70	6	0	4149	4218	964360	964291	5.34e-17	97.1
NODE_1818_length_7979_cov_1.106126	NZ_CP076019.1	87.356	87	8	3	4135	4218	1589178	1589092	5.34e-17	97.1
NODE_1818_length_7979_cov_1.106126	NZ_CP073695.1	92.537	67	5	0	4149	4215	1367468	1367534	5.34e-17	97.1
NODE_1818_length_7979_cov_1.106126	NZ_CP054585.1	80.800	125	21	3	4094	4215	2409613	2409737	1.92e-16	95.3
NODE_1827_length_7948_cov_1.365574	NZ_CP044523.1	78.761	113	23	1	2767	2879	3210149	3210038	2.49e-10	75.0
NODE_1827_length_7948_cov_1.365574	NZ_CP058334.1	88.136	59	7	0	2785	2843	2432024	2432082	3.22e-09	71.3
NODE_1840_length_7855_cov_1.439824	NZ_CP089468.1	92.500	40	3	0	4751	4790	778662	778623	2.48e-05	58.4
NODE_1840_length_7855_cov_1.439824	NZ_LN831302.1	92.500	40	3	0	4751	4790	823296	823257	2.48e-05	58.4
NODE_1844_length_7826_cov_1.784835	NZ_CP082286.1	100.000	29	0	0	4684	4712	196644	196616	3.20e-04	54.7
NODE_1844_length_7826_cov_1.784835	NZ_CP081958.1	100.000	29	0	0	4684	4712	220073	220045	3.20e-04	54.7
NODE_1853_length_7778_cov_1.199817	NZ_CP009502.1	76.630	184	37	5	6533	6713	2925919	2925739	5.20e-17	97.1
NODE_1853_length_7778_cov_1.199817	NZ_CP009501.1	76.630	184	37	5	6533	6713	1113019	1113199	5.20e-17	97.1
NODE_1860_length_7754_cov_1.782546	NZ_CP039141.1	100.000	33	0	0	1805	1837	311052	311084	1.89e-06	62.1
NODE_1860_length_7754_cov_1.782546	NC_017943.1	100.000	33	0	0	1805	1837	84104	84136	1.89e-06	62.1
NODE_1860_length_7754_cov_1.782546	NZ_CP045488.1	89.362	47	5	0	1805	1851	2873053	2873007	6.80e-06	60.2
NODE_1882_length_7652_cov_1.672325	NC_017459.1	100.000	29	0	0	1850	1878	2506466	2506494	3.12e-04	54.7
NODE_1883_length_7647_cov_1.208731	NZ_CP084469.1	78.030	132	23	4	3044	3172	2265111	2264983	1.85e-11	78.7
NODE_1903_length_7545_cov_1.690073	NZ_CP034940.1	93.333	45	2	1	5786	5829	315870	315914	1.42e-07	65.8
NODE_1903_length_7545_cov_1.690073	NZ_LN831302.1	94.872	39	2	0	5786	5824	2505530	2505568	1.84e-06	62.1
NODE_1903_length_7545_cov_1.690073	NZ_CP058335.1	90.909	44	4	0	5793	5836	3317505	3317548	6.62e-06	60.2
NODE_1903_length_7545_cov_1.690073	NZ_CP090371.1	90.698	43	4	0	5786	5828	1857409	1857451	2.38e-05	58.4
NODE_1922_length_7453_cov_1.521520	NZ_CP010529.1	94.595	37	2	0	313	349	2777527	2777563	2.35e-05	58.4
NODE_1922_length_7453_cov_1.521520	NZ_CP039138.1	100.000	29	0	0	313	341	3071578	3071550	3.04e-04	54.7
NODE_1922_length_7453_cov_1.521520	NC_006396.1	100.000	29	0	0	313	341	349166	349138	3.04e-04	54.7
NODE_1928_length_7440_cov_2.283531	NZ_CP026994.1	100.000	29	0	0	1027	1055	361805	361833	3.04e-04	54.7
NODE_1930_length_7426_cov_1.494327	NZ_AP017558.1	85.714	63	7	2	7177	7238	2402626	2402687	1.40e-07	65.8
NODE_1942_length_7354_cov_1.237885	NZ_CP054587.1	76.730	159	25	9	3870	4019	1348812	1348967	1.78e-11	78.7
NODE_1942_length_7354_cov_1.237885	NZ_CP084466.1	97.674	43	1	0	1822	1864	593880	593922	2.30e-10	75.0
NODE_1942_length_7354_cov_1.237885	NZ_CP084463.1	97.674	43	1	0	1822	1864	2777880	2777838	2.30e-10	75.0
NODE_1942_length_7354_cov_1.237885	NZ_CP084090.1	97.674	43	1	0	1822	1864	832735	832693	2.30e-10	75.0
NODE_1942_length_7354_cov_1.237885	NZ_CP089468.1	82.558	86	12	3	1794	1878	2547694	2547777	8.29e-10	73.1
NODE_1942_length_7354_cov_1.237885	NZ_CP058335.1	95.455	44	2	0	1822	1865	3371091	3371134	2.98e-09	71.3
NODE_1947_length_7313_cov_1.498195	NZ_CP014854.1	91.228	57	5	0	1712	1768	624074	624018	1.77e-11	78.7
NODE_1947_length_7313_cov_1.498195	NZ_CP015103.1	89.474	57	6	0	1712	1768	1895047	1894991	8.24e-10	73.1
NODE_1950_length_7287_cov_1.791806	NC_021313.1	75.381	394	79	16	2143	2527	1795861	1795477	2.19e-40	174
NODE_1950_length_7287_cov_1.791806	NZ_CP035119.1	74.347	421	88	18	2146	2556	2644085	2644495	1.70e-36	161
NODE_1950_length_7287_cov_1.791806	NZ_CP065856.1	74.442	403	83	19	2145	2537	1638344	1638736	7.93e-35	156
NODE_1950_length_7287_cov_1.791806	NZ_CP064787.1	76.871	294	47	18	2143	2428	1663150	1662870	4.77e-32	147
NODE_1950_length_7287_cov_1.791806	NZ_CP064789.1	76.949	295	45	21	2143	2428	2013952	2014232	4.77e-32	147
NODE_1950_length_7287_cov_1.791806	NZ_CP028858.1	74.020	408	80	22	2143	2537	1702260	1701866	6.17e-31	143
NODE_1950_length_7287_cov_1.791806	NZ_CP071463.1	73.762	404	82	22	2146	2537	2092670	2092279	2.87e-29	137
NODE_1950_length_7287_cov_1.791806	NZ_CP064788.1	76.190	294	49	19	2143	2428	929927	929647	1.03e-28	135
NODE_1950_length_7287_cov_1.791806	NZ_CP084469.1	72.772	404	86	23	2146	2537	2862171	2862562	1.35e-22	115
NODE_1950_length_7287_cov_1.791806	NZ_CP058601.1	76.647	167	33	6	2356	2516	3992158	3992324	2.93e-14	87.9
NODE_1968_length_7192_cov_1.511651	NZ_CP085882.1	100.000	29	0	0	3148	3176	1430005	1430033	2.94e-04	54.7
NODE_1968_length_7192_cov_1.511651	NZ_CP070377.1	100.000	29	0	0	3148	3176	1379655	1379683	2.94e-04	54.7
NODE_1968_length_7192_cov_1.511651	NZ_CP070332.2	100.000	29	0	0	3148	3176	1410258	1410286	2.94e-04	54.7
NODE_1968_length_7192_cov_1.511651	NZ_CP038631.1	100.000	29	0	0	3148	3176	1805345	1805373	2.94e-04	54.7
NODE_1968_length_7192_cov_1.511651	NC_010364.1	100.000	29	0	0	3148	3176	1418193	1418221	2.94e-04	54.7
NODE_1968_length_7192_cov_1.511651	NC_002607.1	100.000	29	0	0	3148	3176	1428953	1428981	2.94e-04	54.7
NODE_1999_length_7010_cov_2.026381	NZ_CP095394.1	72.597	1186	263	55	5430	6584	1115585	1116739	3.28e-88	333
NODE_1999_length_7010_cov_2.026381	NZ_CP095390.1	72.489	1185	266	55	5430	6584	1159975	1161129	1.53e-86	327
NODE_1999_length_7010_cov_2.026381	NZ_CP058334.1	71.501	1372	322	64	5185	6520	2715735	2717073	2.57e-79	303
NODE_1999_length_7010_cov_2.026381	NZ_CP027033.1	71.629	1209	277	59	5343	6515	3077367	3076189	7.26e-70	272
NODE_1999_length_7010_cov_2.026381	NZ_CP024047.1	71.547	1209	278	58	5343	6515	644585	645763	3.38e-68	267
NODE_1999_length_7010_cov_2.026381	NZ_CP031307.1	70.259	1002	234	54	5348	6316	47702	48672	2.14e-30	141
NODE_1999_length_7010_cov_2.026381	NZ_CP039141.1	76.250	240	43	13	6027	6259	113599	113831	1.29e-22	115
NODE_1999_length_7010_cov_2.026381	NC_017943.1	76.250	240	43	13	6027	6259	208559	208791	1.29e-22	115
NODE_2000_length_7007_cov_1.498695	NZ_CP034940.1	74.494	247	57	6	5534	5777	604434	604677	1.01e-18	102
NODE_2000_length_7007_cov_1.498695	NZ_CP058334.1	93.617	47	3	0	611	657	1686446	1686400	2.84e-09	71.3
NODE_2000_length_7007_cov_1.498695	NZ_CP048738.1	79.091	110	18	5	610	718	86670	86565	2.84e-09	71.3
NODE_2000_length_7007_cov_1.498695	NZ_CP011947.1	79.091	110	18	5	610	718	7973	7868	2.84e-09	71.3
NODE_2000_length_7007_cov_1.498695	NC_013967.1	79.091	110	18	5	610	718	7937	7832	2.84e-09	71.3
NODE_2000_length_7007_cov_1.498695	NZ_CP063205.1	95.238	42	2	0	610	651	11547	11506	3.67e-08	67.6
NODE_2000_length_7007_cov_1.498695	NZ_CP095487.1	91.489	47	4	0	611	657	191166	191120	1.32e-07	65.8
NODE_2000_length_7007_cov_1.498695	NC_015315.1	74.706	170	26	13	5538	5697	1385971	1386133	6.15e-06	60.2
NODE_2004_length_7002_cov_1.671746	NZ_CP064789.1	100.000	29	0	0	185	213	1345987	1346015	2.86e-04	54.7
NODE_2004_length_7002_cov_1.671746	NZ_CP031310.1	100.000	29	0	0	185	213	758141	758113	2.86e-04	54.7
NODE_2004_length_7002_cov_1.671746	NC_019962.1	100.000	29	0	0	185	213	90634	90662	2.86e-04	54.7
NODE_2018_length_6943_cov_1.229655	NC_019792.1	100.000	29	0	0	1035	1063	2724584	2724612	2.83e-04	54.7
NODE_2038_length_6819_cov_1.656082	NZ_CP019067.1	97.297	37	1	0	2578	2614	2376458	2376494	4.62e-07	63.9
NODE_2046_length_6782_cov_1.087993	NZ_CP054585.1	92.157	51	4	0	4606	4656	1224436	1224386	7.64e-10	73.1
NODE_2046_length_6782_cov_1.087993	NZ_CP042241.1	89.362	47	5	0	4606	4652	931377	931423	5.95e-06	60.2
NODE_2046_length_6782_cov_1.087993	NZ_CP028858.1	100.000	32	0	0	4624	4655	2165575	2165606	5.95e-06	60.2
NODE_2046_length_6782_cov_1.087993	NC_013158.1	100.000	32	0	0	4624	4655	2261282	2261251	5.95e-06	60.2
NODE_2046_length_6782_cov_1.087993	NZ_CP095005.1	97.059	34	1	0	4619	4652	854494	854461	2.14e-05	58.4
NODE_2046_length_6782_cov_1.087993	NZ_CP025066.1	100.000	29	0	0	4624	4652	220874	220902	2.77e-04	54.7
NODE_2071_length_6694_cov_1.758773	NZ_CP053941.1	100.000	42	0	0	2396	2437	1013671	1013630	1.62e-11	78.7
NODE_2071_length_6694_cov_1.758773	NZ_CP073695.1	97.619	42	1	0	2396	2437	2934952	2934911	7.54e-10	73.1
NODE_2071_length_6694_cov_1.758773	NZ_CP034692.1	95.652	46	1	1	2396	2440	1846757	1846712	7.54e-10	73.1
NODE_2071_length_6694_cov_1.758773	NZ_CP085301.1	86.154	65	9	0	2401	2465	3060615	3060551	2.71e-09	71.3
NODE_2071_length_6694_cov_1.758773	NZ_CP071463.1	82.143	84	13	2	2401	2483	1733035	1732953	2.71e-09	71.3
NODE_2071_length_6694_cov_1.758773	NZ_CP031311.1	80.208	96	17	2	2343	2437	1801412	1801318	2.71e-09	71.3
NODE_2071_length_6694_cov_1.758773	NZ_CP044523.1	81.522	92	10	7	2377	2466	62914	62828	9.76e-09	69.4
NODE_2071_length_6694_cov_1.758773	NZ_CP090371.1	84.286	70	9	2	2369	2437	2404129	2404061	3.51e-08	67.6
NODE_2071_length_6694_cov_1.758773	NC_021921.1	86.667	60	8	0	2382	2441	265111	265052	3.51e-08	67.6
NODE_2071_length_6694_cov_1.758773	NZ_CP095005.1	82.667	75	12	1	2369	2442	1424983	1425057	1.26e-07	65.8
NODE_2078_length_6677_cov_1.498934	NZ_CP076019.1	78.014	141	23	7	5140	5276	208256	208120	1.25e-12	82.4
NODE_2078_length_6677_cov_1.498934	NZ_CP084090.1	79.310	116	12	9	5098	5207	832787	832678	2.71e-09	71.3
NODE_2078_length_6677_cov_1.498934	NZ_CP084466.1	78.448	116	13	9	5098	5207	593828	593937	1.26e-07	65.8
NODE_2078_length_6677_cov_1.498934	NZ_CP084463.1	88.889	54	4	2	5155	5207	2777875	2777823	1.26e-07	65.8
NODE_2078_length_6677_cov_1.498934	NZ_CP071462.1	96.970	33	1	0	5233	5265	2730723	2730691	7.58e-05	56.5
NODE_2078_length_6677_cov_1.498934	NC_013743.1	100.000	30	0	0	5233	5262	1099814	1099843	7.58e-05	56.5
NODE_2078_length_6677_cov_1.498934	NZ_CP089588.1	94.286	35	2	0	5234	5268	1288764	1288730	2.72e-04	54.7
NODE_2078_length_6677_cov_1.498934	NZ_CP007060.1	72.989	174	40	7	5099	5268	2839789	2839619	2.72e-04	54.7
NODE_2107_length_6573_cov_1.640514	NZ_CP058601.1	100.000	28	0	0	2085	2112	3733442	3733469	0.001	52.8
NODE_2107_length_6573_cov_1.640514	NZ_CP019285.1	100.000	28	0	0	2084	2111	992489	992516	0.001	52.8
NODE_2108_length_6573_cov_1.590529	NZ_CP071598.1	100.000	29	0	0	2717	2745	1066794	1066822	2.68e-04	54.7
NODE_2110_length_6560_cov_1.815165	NZ_CP058910.1	100.000	28	0	0	3893	3920	1859278	1859251	0.001	52.8
NODE_2115_length_6542_cov_1.366972	NC_021313.1	100.000	28	0	0	197	224	2975251	2975278	0.001	52.8
NODE_2163_length_6323_cov_1.394881	NZ_CP095491.1	73.047	768	178	27	2268	3021	3628398	3629150	1.43e-61	244
NODE_2165_length_6309_cov_1.275895	NC_021313.1	71.657	501	116	24	1037	1524	99221	98734	1.16e-22	115
NODE_2165_length_6309_cov_1.275895	NZ_CP084466.1	71.512	516	114	30	921	1418	284848	285348	1.95e-20	108
NODE_2165_length_6309_cov_1.275895	NZ_CP084463.1	71.291	519	116	30	924	1424	3095042	3094539	9.06e-19	102
NODE_2173_length_6267_cov_2.073099	NZ_CP009518.1	97.222	36	1	0	260	295	2321297	2321332	1.53e-06	62.1
NODE_2173_length_6267_cov_2.073099	NC_014374.1	96.970	33	1	0	260	292	468833	468801	7.11e-05	56.5
NODE_2192_length_6210_cov_1.547467	NZ_CP034145.1	76.166	193	32	12	2834	3019	561677	561492	6.94e-15	89.8
NODE_2192_length_6210_cov_1.547467	NZ_CP071463.1	79.675	123	19	6	2834	2953	1732539	1732658	3.23e-13	84.2
NODE_2192_length_6210_cov_1.547467	NC_019974.1	74.886	219	38	15	2808	3018	177496	177705	3.23e-13	84.2
NODE_2192_length_6210_cov_1.547467	NZ_CP059154.1	75.132	189	35	11	2834	3016	2376475	2376657	1.50e-11	78.7
NODE_2192_length_6210_cov_1.547467	NZ_CP063205.1	77.236	123	20	7	2903	3021	2681850	2681968	1.17e-07	65.8
NODE_2192_length_6210_cov_1.547467	NZ_CP011947.1	79.000	100	15	5	2925	3021	1859784	1859688	4.21e-07	63.9
NODE_2193_length_6209_cov_1.451623	NZ_CP028858.1	82.877	146	21	4	4355	4498	989343	989486	1.47e-26	128
NODE_2193_length_6209_cov_1.451623	NZ_CP084466.1	81.818	110	14	5	4394	4500	974232	974126	2.50e-14	87.9
NODE_2193_length_6209_cov_1.451623	NZ_CP084463.1	81.416	113	15	5	4391	4500	2508268	2508377	2.50e-14	87.9
NODE_2210_length_6150_cov_1.164762	NC_009051.1	100.000	28	0	0	1731	1758	172082	172109	0.001	52.8
NODE_2237_length_6030_cov_1.129245	NZ_CP095757.1	80.851	141	21	4	5005	5142	3316954	3316817	6.69e-20	106
NODE_2237_length_6030_cov_1.129245	NZ_CP031310.1	85.149	101	13	2	5005	5104	1925124	1925025	8.66e-19	102
NODE_2237_length_6030_cov_1.129245	NZ_AP017558.1	84.259	108	13	4	4995	5100	558185	558290	8.66e-19	102
NODE_2237_length_6030_cov_1.129245	NZ_CP031311.1	83.019	106	16	2	5005	5109	1143149	1143253	1.45e-16	95.3
NODE_2237_length_6030_cov_1.129245	NC_020388.1	78.621	145	25	6	5009	5150	2189055	2188914	1.87e-15	91.6
NODE_2237_length_6030_cov_1.129245	NC_020388.1	96.774	31	1	0	5052	5082	2114291	2114321	8.85e-04	52.8
NODE_2237_length_6030_cov_1.129245	NZ_CP084466.1	81.633	98	14	4	5005	5100	1142942	1142847	1.46e-11	78.7
NODE_2237_length_6030_cov_1.129245	NZ_CP084463.1	85.000	80	8	4	5005	5082	2346028	2346105	1.46e-11	78.7
NODE_2237_length_6030_cov_1.129245	NZ_CP064786.1	81.522	92	13	4	5005	5094	2352545	2352456	6.79e-10	73.1
NODE_2237_length_6030_cov_1.129245	NZ_CP040332.1	79.798	99	16	4	5006	5102	36030	35934	8.78e-09	69.4
NODE_2237_length_6030_cov_1.129245	NZ_CP054709.1	88.462	52	6	0	5053	5104	44089	44038	4.09e-07	63.9
NODE_2244_length_6012_cov_1.477546	NZ_LR216287.1	97.059	34	1	0	5281	5314	341807	341774	1.90e-05	58.4
NODE_2245_length_6009_cov_1.332486	NZ_AP017569.1	79.137	278	46	10	1382	1651	2654304	2654577	1.08e-42	182
NODE_2245_length_6009_cov_1.332486	NZ_CP053941.1	78.909	275	46	9	1385	1651	2387703	2387433	5.01e-41	176
NODE_2245_length_6009_cov_1.332486	NZ_CP073695.1	78.545	275	44	13	1385	1651	1367669	1367402	3.02e-38	167
NODE_2245_length_6009_cov_1.332486	NZ_CP054585.1	77.061	279	58	6	1385	1660	2409872	2409597	6.53e-35	156
NODE_2245_length_6009_cov_1.332486	NZ_CP076019.1	77.091	275	57	5	1382	1651	1588954	1589227	2.35e-34	154
NODE_2245_length_6009_cov_1.332486	NZ_CP084472.1	77.444	266	48	10	1385	1644	964159	964418	1.09e-32	148
NODE_2245_length_6009_cov_1.332486	NC_012029.1	76.596	282	54	11	1385	1660	2072686	2072961	1.41e-31	145
NODE_2245_length_6009_cov_1.332486	NZ_CP045488.1	84.672	137	18	3	1517	1651	2144893	2145028	3.06e-28	134
NODE_2245_length_6009_cov_1.332486	NZ_CP095390.1	84.962	133	16	4	1517	1647	107987	107857	1.10e-27	132
NODE_2245_length_6009_cov_1.332486	NZ_CP058909.1	83.333	150	17	7	1515	1660	5033688	5033543	1.10e-27	132
NODE_2256_length_5969_cov_1.238648	NZ_CP095491.1	77.982	218	36	10	1486	1697	3831291	3831502	5.09e-26	126
NODE_2261_length_5951_cov_1.905993	NC_013922.1	100.000	28	0	0	1303	1330	1829673	1829646	8.73e-04	52.8
NODE_2272_length_5913_cov_1.482420	NZ_CP048738.1	83.333	132	20	2	2268	2398	2617281	2617411	2.34e-24	121
NODE_2272_length_5913_cov_1.482420	NZ_CP063205.1	82.576	132	21	2	2268	2398	2653261	2653131	1.09e-22	115
NODE_2272_length_5913_cov_1.482420	NZ_CP011947.1	82.576	132	21	2	2268	2398	1882205	1882335	1.09e-22	115
NODE_2272_length_5913_cov_1.482420	NC_013967.1	82.576	132	21	2	2268	2398	1849395	1849525	1.09e-22	115
NODE_2272_length_5913_cov_1.482420	NZ_CP085302.1	85.870	92	9	4	2316	2404	333556	333646	1.42e-16	95.3
NODE_2272_length_5913_cov_1.482420	NZ_CP050015.1	77.941	136	28	2	2268	2402	280647	280781	3.08e-13	84.2
NODE_2272_length_5913_cov_1.482420	NZ_CP095488.1	72.840	243	60	6	2267	2506	140138	140377	1.43e-11	78.7
NODE_2281_length_5884_cov_2.031526	NZ_CP082286.1	71.601	331	74	18	5095	5415	2633256	2632936	6.63e-10	73.1
NODE_2281_length_5884_cov_2.031526	NZ_CP058910.1	92.000	50	2	2	3010	3058	3462064	3462112	8.57e-09	69.4
NODE_2281_length_5884_cov_2.031526	NC_019962.1	94.444	36	0	2	3010	3044	1534337	1534371	2.40e-04	54.7
NODE_230_length_56529_cov_2.154171	NC_019977.1	92.500	40	2	1	9090	9129	1283219	1283181	6.44e-04	56.5
NODE_2321_length_5757_cov_1.205632	NZ_CP071462.1	79.355	155	22	10	976	1125	3360065	3359916	2.97e-18	100
NODE_2321_length_5757_cov_1.205632	NZ_CP084472.1	79.845	129	22	4	976	1102	1208617	1208491	1.79e-15	91.6
NODE_2321_length_5757_cov_1.205632	NZ_CP019285.1	82.524	103	15	3	969	1070	2221588	2221488	2.31e-14	87.9
NODE_2321_length_5757_cov_1.205632	NZ_CP095491.1	78.261	92	18	2	976	1066	22512	22602	1.81e-05	58.4
NODE_2324_length_5751_cov_1.942553	NC_012029.1	75.783	351	59	21	215	552	1129171	1129508	2.25e-34	154
NODE_2324_length_5751_cov_1.942553	NZ_CP081958.1	75.358	349	64	20	215	552	1109588	1109251	1.05e-32	148
NODE_2324_length_5751_cov_1.942553	NZ_CP053941.1	75.287	348	66	16	215	552	132509	132846	1.05e-32	148
NODE_2324_length_5751_cov_1.942553	NZ_CP031311.1	78.205	234	35	13	327	552	2899284	2899059	8.14e-29	135
NODE_2324_length_5751_cov_1.942553	NZ_CP082286.1	74.425	348	69	18	215	552	1054801	1054464	1.05e-27	132
NODE_2324_length_5751_cov_1.942553	NZ_CP064789.1	73.183	399	83	21	42	431	2187742	2188125	6.34e-25	122
NODE_2324_length_5751_cov_1.942553	NZ_CP048738.1	77.477	222	38	12	216	431	2188690	2188475	6.34e-25	122
NODE_2324_length_5751_cov_1.942553	NC_013967.1	77.477	222	38	12	216	431	1410314	1410099	6.34e-25	122
NODE_2324_length_5751_cov_1.942553	NZ_CP054707.1	79.651	172	31	4	5254	5423	292811	292642	2.28e-24	121
NODE_2324_length_5751_cov_1.942553	NZ_CP089468.1	84.426	122	17	2	5293	5413	2186706	2186826	8.20e-24	119
NODE_2330_length_5719_cov_1.496434	NZ_CP034940.1	72.868	1102	232	53	3217	4294	898879	899937	2.69e-83	316
NODE_2330_length_5719_cov_1.496434	NC_019974.1	72.084	1286	270	73	3217	4467	3654143	3652912	2.10e-79	303
NODE_2330_length_5719_cov_1.496434	NZ_CP085327.1	72.039	1123	255	47	3217	4319	786349	785266	3.53e-72	279
NODE_2330_length_5719_cov_1.496434	NZ_CP076019.1	72.032	1112	244	54	3217	4304	391331	392399	7.65e-69	268
NODE_2330_length_5719_cov_1.496434	NZ_CP085335.1	71.196	1229	291	50	3217	4423	875789	876976	2.77e-63	250
NODE_2330_length_5719_cov_1.496434	NZ_CP042241.1	71.631	1128	251	52	3217	4319	1993030	1991947	3.58e-62	246
NODE_2330_length_5719_cov_1.496434	NZ_CP026309.1	70.975	1292	292	70	3217	4476	1977373	1976133	1.00e-57	231
NODE_2339_length_5696_cov_1.556491	NC_019977.1	96.970	33	1	0	2094	2126	1283210	1283178	6.46e-05	56.5
NODE_2339_length_5696_cov_1.556491	NC_019977.1	96.875	32	1	0	2095	2126	1283185	1283154	2.32e-04	54.7
NODE_2339_length_5696_cov_1.556491	NC_019977.1	96.875	32	1	0	2095	2126	1283191	1283160	2.32e-04	54.7
NODE_2339_length_5696_cov_1.556491	NC_019977.1	96.875	32	1	0	2095	2126	1283197	1283166	2.32e-04	54.7
NODE_2339_length_5696_cov_1.556491	NC_019977.1	96.875	32	1	0	2095	2126	1283203	1283172	2.32e-04	54.7
NODE_2347_length_5684_cov_1.590705	NZ_CP085301.1	100.000	28	0	0	309	336	18347	18320	8.34e-04	52.8
NODE_2359_length_5647_cov_1.248194	NZ_CP083666.1	83.333	84	14	0	2882	2965	1799375	1799458	1.37e-11	78.7
NODE_2360_length_5646_cov_1.379223	NZ_CP034692.1	74.526	475	93	23	4501	4961	1902776	1902316	1.01e-42	182
NODE_2360_length_5646_cov_1.379223	NZ_CP028858.1	75.064	393	60	30	4588	4961	1701887	1702260	1.03e-32	148
NODE_2360_length_5646_cov_1.379223	NZ_CP065856.1	73.474	426	91	16	4545	4959	1638758	1638344	1.72e-30	141
NODE_2360_length_5646_cov_1.379223	NC_021313.1	73.969	388	73	24	4588	4961	1795488	1795861	1.03e-27	132
NODE_2360_length_5646_cov_1.379223	NZ_CP071463.1	72.860	479	92	30	4499	4958	2092211	2092670	3.72e-27	130
NODE_2360_length_5646_cov_1.379223	NZ_CP064789.1	76.580	269	41	21	4701	4961	2014206	2013952	1.34e-26	128
NODE_2360_length_5646_cov_1.379223	NC_014297.1	73.095	420	81	26	4556	4959	44890	44487	2.24e-24	121
NODE_2360_length_5646_cov_1.379223	NZ_CP084469.1	72.902	417	85	23	4556	4958	2862573	2862171	8.05e-24	119
NODE_2360_length_5646_cov_1.379223	NZ_CP064788.1	75.746	268	45	18	4701	4961	929673	929927	2.89e-23	117
NODE_2360_length_5646_cov_1.379223	NZ_CP064787.1	75.746	268	45	16	4701	4961	1662896	1663150	2.89e-23	117
NODE_2367_length_5619_cov_1.642883	NZ_CP025066.1	71.628	860	183	52	3303	4130	2028425	2029255	3.62e-42	180
NODE_2399_length_5536_cov_1.119631	NZ_CP058530.1	77.477	111	21	3	1495	1603	247475	247367	3.75e-07	63.9
NODE_2407_length_5506_cov_1.576830	NZ_CP064791.1	95.652	46	2	0	1948	1993	2017140	2017095	1.72e-10	75.0
NODE_2407_length_5506_cov_1.576830	NZ_CP064788.1	95.556	45	2	0	1950	1994	2502282	2502326	6.20e-10	73.1
NODE_2407_length_5506_cov_1.576830	NZ_CP084466.1	95.455	44	2	0	1950	1993	2291799	2291756	2.23e-09	71.3
NODE_2407_length_5506_cov_1.576830	NZ_CP084463.1	95.455	44	2	0	1950	1993	1179790	1179833	2.23e-09	71.3
NODE_2407_length_5506_cov_1.576830	NZ_CP084090.1	95.455	44	2	0	1950	1993	2910870	2910913	2.23e-09	71.3
NODE_2407_length_5506_cov_1.576830	NZ_CP065856.1	95.455	44	2	0	1950	1993	3274532	3274489	2.23e-09	71.3
NODE_2407_length_5506_cov_1.576830	NZ_CP058910.1	95.455	44	2	0	1950	1993	3831091	3831134	2.23e-09	71.3
NODE_2407_length_5506_cov_1.576830	NZ_CP033878.1	95.455	44	2	0	1950	1993	1425232	1425189	2.23e-09	71.3
NODE_2407_length_5506_cov_1.576830	NZ_CP019067.1	95.455	44	2	0	1950	1993	215668	215625	2.23e-09	71.3
NODE_2407_length_5506_cov_1.576830	NZ_CP058909.1	95.122	41	2	0	1953	1993	4637254	4637214	1.04e-07	65.8
NODE_2419_length_5474_cov_1.281745	NC_013745.1	85.714	70	10	0	640	709	9967	9898	1.71e-10	75.0
NODE_2419_length_5474_cov_1.281745	NC_013744.1	87.500	64	8	0	640	703	480982	480919	1.71e-10	75.0
NODE_2419_length_5474_cov_1.281745	NC_013922.1	77.500	120	17	8	619	733	2522685	2522799	3.71e-07	63.9
NODE_2419_length_5474_cov_1.281745	NZ_CP084883.1	100.000	28	0	0	390	417	199801	199774	8.03e-04	52.8
NODE_2434_length_5423_cov_1.718373	NZ_CP019285.1	96.970	33	0	1	3127	3159	3928010	3928041	2.21e-04	54.7
NODE_2434_length_5423_cov_1.718373	NZ_CP019285.1	96.970	33	0	1	3127	3159	3928016	3928047	2.21e-04	54.7
NODE_2434_length_5423_cov_1.718373	NZ_CP019285.1	96.970	33	0	1	3127	3159	3928022	3928053	2.21e-04	54.7
NODE_2434_length_5423_cov_1.718373	NZ_CP019285.1	100.000	28	0	0	3132	3159	3928008	3928035	7.95e-04	52.8
NODE_2434_length_5423_cov_1.718373	NZ_CP009515.1	100.000	28	0	0	3132	3159	3252342	3252369	7.95e-04	52.8
NODE_2434_length_5423_cov_1.718373	NC_018655.1	100.000	28	0	0	3132	3159	14019	13992	7.95e-04	52.8
NODE_2437_length_5415_cov_1.531109	NZ_CP095006.1	96.970	33	0	1	121	153	206184	206153	2.21e-04	54.7
NODE_2445_length_5389_cov_1.370405	NZ_CP089468.1	75.000	240	48	12	1095	1328	402136	401903	2.78e-18	100
NODE_2445_length_5389_cov_1.370405	NZ_CP084463.1	96.875	32	1	0	5123	5154	1665535	1665504	2.20e-04	54.7
NODE_2469_length_5331_cov_1.494828	NZ_LR881183.1	86.486	74	7	3	1508	1580	585513	585442	1.29e-11	78.7
NODE_2469_length_5331_cov_1.494828	NZ_CP041932.1	86.486	74	7	3	1508	1580	937116	937187	1.29e-11	78.7
NODE_2469_length_5331_cov_1.494828	NZ_CP040846.1	86.486	74	7	3	1508	1580	759874	759803	1.29e-11	78.7
NODE_2469_length_5331_cov_1.494828	NZ_CP015106.1	86.486	74	7	3	1508	1580	839133	839062	1.29e-11	78.7
NODE_2469_length_5331_cov_1.494828	NZ_CP015105.1	86.486	74	7	3	1508	1580	630803	630732	1.29e-11	78.7
NODE_2469_length_5331_cov_1.494828	NZ_CP015103.1	86.486	74	7	3	1508	1580	1070582	1070511	1.29e-11	78.7
NODE_2469_length_5331_cov_1.494828	NZ_CP015102.1	86.486	74	7	3	1508	1580	897429	897500	1.29e-11	78.7
NODE_2469_length_5331_cov_1.494828	NZ_CP015101.1	86.486	74	7	3	1508	1580	353294	353365	1.29e-11	78.7
NODE_2469_length_5331_cov_1.494828	NZ_CP014854.1	86.486	74	7	3	1508	1580	1813528	1813599	1.29e-11	78.7
NODE_2469_length_5331_cov_1.494828	NZ_CP021848.1	86.486	74	7	3	1508	1580	339935	340006	1.29e-11	78.7
NODE_2471_length_5331_cov_1.466858	NC_011832.1	94.737	38	2	0	3572	3609	2479322	2479359	4.67e-06	60.2
NODE_2471_length_5331_cov_1.466858	NZ_CP054587.1	96.970	33	1	0	3571	3603	630189	630221	6.04e-05	56.5
NODE_2479_length_5300_cov_1.405088	NZ_CP069188.1	78.986	276	48	9	4485	4755	3801144	3800874	3.42e-42	180
NODE_2483_length_5282_cov_1.717656	NZ_CP083663.1	85.057	87	13	0	2960	3046	1399590	1399504	5.90e-15	89.8
NODE_2483_length_5282_cov_1.717656	NZ_CP019285.1	87.324	71	9	0	2960	3030	1995933	1996003	9.88e-13	82.4
NODE_2483_length_5282_cov_1.717656	NZ_CP085329.1	91.379	58	3	2	2976	3032	186578	186522	1.28e-11	78.7
NODE_2483_length_5282_cov_1.717656	NZ_CP073367.1	100.000	28	0	0	2548	2575	66877	66850	7.74e-04	52.8
NODE_2492_length_5257_cov_1.261757	NZ_CP054585.1	85.714	154	18	4	39	190	394426	394275	4.41e-36	159
NODE_2492_length_5257_cov_1.261757	NC_012029.1	85.714	154	18	4	39	190	861432	861583	4.41e-36	159
NODE_2492_length_5257_cov_1.261757	NZ_AP017569.1	84.906	159	19	5	39	194	548177	548021	5.71e-35	156
NODE_2492_length_5257_cov_1.261757	NZ_CP042241.1	82.609	138	19	5	65	199	34990	35125	2.69e-23	117
NODE_2492_length_5257_cov_1.261757	NZ_CP019327.1	79.487	156	24	7	39	190	1957342	1957493	2.10e-19	104
NODE_2492_length_5257_cov_1.261757	NZ_CP085324.1	78.981	157	25	8	39	191	1613718	1613870	2.71e-18	100
NODE_2497_length_5240_cov_1.762137	NZ_CP095757.1	75.585	299	61	10	4858	5150	1814198	1813906	2.06e-29	137
NODE_2497_length_5240_cov_1.762137	NZ_CP082284.1	77.016	248	49	8	4906	5149	578477	578720	7.41e-29	135
NODE_2497_length_5240_cov_1.762137	NZ_AP017569.1	75.166	302	63	10	4855	5150	1018660	1018955	9.59e-28	132
NODE_2497_length_5240_cov_1.762137	NZ_CP095005.1	84.615	130	18	2	5022	5150	1227825	1227953	1.24e-26	128
NODE_2497_length_5240_cov_1.762137	NZ_CP045142.1	75.646	271	52	11	4906	5169	3052294	3052557	5.77e-25	122
NODE_2497_length_5240_cov_1.762137	NZ_CP039375.1	75.646	271	52	11	4906	5169	3052287	3052550	5.77e-25	122
NODE_2497_length_5240_cov_1.762137	NZ_CP026309.1	83.846	130	19	2	5022	5150	1117881	1118009	5.77e-25	122
NODE_2497_length_5240_cov_1.762137	NC_013202.1	75.646	271	52	11	4906	5169	2409143	2409406	5.77e-25	122
NODE_2497_length_5240_cov_1.762137	NZ_CP054707.1	72.134	506	106	26	301	787	457371	457860	2.08e-24	121
NODE_2497_length_5240_cov_1.762137	NZ_CP089593.1	83.200	125	21	0	5025	5149	501589	501465	9.66e-23	115
NODE_2498_length_5238_cov_1.876146	NZ_CP054708.1	72.680	388	89	16	3333	3710	311724	311344	3.47e-22	113
NODE_2498_length_5238_cov_1.876146	NC_015666.1	78.226	124	27	0	3623	3746	142279	142156	3.52e-12	80.5
NODE_2498_length_5238_cov_1.876146	NZ_CP034692.1	80.412	97	19	0	3623	3719	2972237	2972333	1.64e-10	75.0
NODE_2511_length_5200_cov_1.864217	NZ_CP073695.1	84.810	79	12	0	4380	4458	2137072	2137150	3.50e-12	80.5
NODE_2511_length_5200_cov_1.864217	NZ_AP017569.1	84.615	78	12	0	4381	4458	541807	541884	1.26e-11	78.7
NODE_2511_length_5200_cov_1.864217	NZ_CP084883.1	80.412	97	11	5	4366	4458	369455	369363	2.72e-08	67.6
NODE_2511_length_5200_cov_1.864217	NZ_CP053941.1	82.051	78	14	0	4381	4458	162752	162675	2.72e-08	67.6
NODE_2511_length_5200_cov_1.864217	NZ_CP034692.1	82.051	78	14	0	4381	4458	1129052	1128975	2.72e-08	67.6
NODE_2511_length_5200_cov_1.864217	NZ_CP082248.1	78.947	95	15	4	4366	4458	434467	434376	4.56e-06	60.2
NODE_2511_length_5200_cov_1.864217	NZ_CP054585.1	94.286	35	2	0	4424	4458	388149	388183	2.12e-04	54.7
NODE_2539_length_5128_cov_1.460634	NZ_CP071463.1	85.897	78	11	0	4039	4116	2511958	2511881	2.67e-13	84.2
NODE_2539_length_5128_cov_1.460634	NZ_CP045142.1	84.416	77	11	1	4039	4115	350139	350064	1.60e-10	75.0
NODE_2539_length_5128_cov_1.460634	NZ_CP039375.1	84.416	77	11	1	4039	4115	350139	350064	1.60e-10	75.0
NODE_2539_length_5128_cov_1.460634	NC_013202.1	84.416	77	11	1	4039	4115	2801191	2801116	1.60e-10	75.0
NODE_2539_length_5128_cov_1.460634	NZ_CP084090.1	83.333	72	12	0	4039	4110	2739992	2740063	2.68e-08	67.6
NODE_2539_length_5128_cov_1.460634	NZ_CP065856.1	100.000	33	0	0	4064	4096	3396933	3396901	1.25e-06	62.1
NODE_2539_length_5128_cov_1.460634	NZ_CP058909.1	84.746	59	9	0	4037	4095	4729788	4729846	4.49e-06	60.2
NODE_2539_length_5128_cov_1.460634	NZ_CP058910.1	84.746	59	9	0	4037	4095	4020354	4020412	4.49e-06	60.2
NODE_2539_length_5128_cov_1.460634	NC_013158.1	85.455	55	6	2	3659	3712	2654432	2654379	5.81e-05	56.5
NODE_2541_length_5116_cov_1.347053	NZ_CP040637.1	100.000	30	0	0	1162	1191	407023	407052	5.80e-05	56.5
NODE_2553_length_5075_cov_1.181910	NZ_CP089466.1	75.078	321	68	10	4245	4556	159824	160141	5.55e-30	139
NODE_2553_length_5075_cov_1.181910	NC_013743.1	72.407	511	115	23	4040	4534	2759889	2759389	5.55e-30	139
NODE_2553_length_5075_cov_1.181910	NC_015666.1	72.311	502	113	20	4040	4525	1597690	1597199	2.58e-28	134
NODE_2553_length_5075_cov_1.181910	NZ_CP084472.1	72.467	454	101	23	4035	4474	2150516	2150959	1.55e-25	124
NODE_2553_length_5075_cov_1.181910	NZ_CP058335.1	71.944	499	110	26	4045	4525	1416016	1415530	7.23e-24	119
NODE_2553_length_5075_cov_1.181910	NZ_CP084469.1	71.571	503	117	23	4040	4526	1892515	1893007	3.36e-22	113
NODE_2553_length_5075_cov_1.181910	NZ_CP053941.1	71.690	491	109	25	4045	4517	1106927	1107405	4.35e-21	110
NODE_2553_length_5075_cov_1.181910	NZ_CP007060.1	72.081	394	94	12	4173	4555	2593763	2593375	2.02e-19	104
NODE_2553_length_5075_cov_1.181910	NZ_CP084463.1	73.913	299	57	18	4263	4549	2979799	2979510	2.62e-18	100
NODE_2553_length_5075_cov_1.181910	NZ_CP089588.1	71.190	479	114	17	4036	4499	1035204	1034735	9.42e-18	99.0
NODE_2555_length_5071_cov_1.330242	NZ_CP089468.1	80.676	207	37	3	1344	1548	2166088	2165883	1.53e-35	158
NODE_2557_length_5070_cov_1.127848	NZ_CP028858.1	87.037	54	5	2	2308	2360	1166023	1165971	4.44e-06	60.2
NODE_2557_length_5070_cov_1.127848	NZ_CP028858.1	96.970	33	1	0	2325	2357	1563713	1563745	5.74e-05	56.5
NODE_2557_length_5070_cov_1.127848	NZ_CP058909.1	88.000	50	4	2	2325	2373	3764077	3764125	1.60e-05	58.4
NODE_2557_length_5070_cov_1.127848	NZ_CP082286.1	96.970	33	1	0	2325	2357	627795	627763	5.74e-05	56.5
NODE_2557_length_5070_cov_1.127848	NZ_CP034345.1	100.000	29	0	0	2329	2357	1732449	1732421	2.07e-04	54.7
NODE_2557_length_5070_cov_1.127848	NZ_CP076019.1	100.000	28	0	0	2330	2357	2347473	2347500	7.43e-04	52.8
NODE_2557_length_5070_cov_1.127848	NZ_CP031310.1	100.000	28	0	0	2330	2357	1591517	1591544	7.43e-04	52.8
NODE_2570_length_5033_cov_1.374644	NC_010525.1	89.796	49	5	0	2991	3039	1656393	1656441	3.41e-07	63.9
NODE_2570_length_5033_cov_1.374644	NC_008701.1	89.796	49	5	0	2991	3039	1281773	1281821	3.41e-07	63.9
NODE_2577_length_5009_cov_1.747448	NZ_CP084466.1	100.000	32	0	0	620	651	251696	251727	4.39e-06	60.2
NODE_2577_length_5009_cov_1.747448	NZ_CP084463.1	100.000	32	0	0	620	651	3127749	3127718	4.39e-06	60.2
NODE_2577_length_5009_cov_1.747448	NZ_CP084090.1	100.000	32	0	0	620	651	1542881	1542850	4.39e-06	60.2
NODE_2580_length_5004_cov_1.315144	NZ_CP071463.1	75.776	161	33	6	4221	4378	1320619	1320462	4.35e-11	76.8
NODE_280_length_49434_cov_4.575675	NZ_LN734822.1	73.657	391	75	21	21597	21973	1836661	1837037	4.23e-25	126
NODE_280_length_49434_cov_4.575675	NZ_LN734822.1	73.657	391	75	21	21597	21973	2148054	2148430	4.23e-25	126
NODE_280_length_49434_cov_4.575675	NZ_CP006933.1	73.301	412	82	21	21597	21994	287946	287549	4.23e-25	126
NODE_280_length_49434_cov_4.575675	NZ_CP006933.1	73.657	391	75	21	21597	21973	747344	747720	4.23e-25	126
NODE_280_length_49434_cov_4.575675	NC_014658.1	78.756	193	33	8	21597	21785	24058	24246	5.47e-24	122
NODE_280_length_49434_cov_4.575675	NC_014658.1	78.756	193	33	8	21597	21785	772394	772206	5.47e-24	122
NODE_280_length_49434_cov_4.575675	NC_003551.1	78.889	180	38	0	21602	21781	588076	587897	5.47e-24	122
NODE_280_length_49434_cov_4.575675	NZ_CP030847.1	78.378	185	38	2	21602	21785	1085344	1085527	7.08e-23	119
NODE_280_length_49434_cov_4.575675	NZ_CP017768.1	72.840	405	86	20	21597	21989	1381147	1381539	2.55e-22	117
NODE_280_length_49434_cov_4.575675	NZ_CP017768.1	72.840	405	86	20	21597	21989	1655526	1655918	2.55e-22	117
NODE_280_length_49434_cov_4.575675	NZ_CP017767.1	72.840	405	86	20	21597	21989	440716	441108	2.55e-22	117
NODE_280_length_49434_cov_4.575675	NZ_CP017767.1	72.840	405	86	20	21597	21989	732765	733157	2.55e-22	117
NODE_280_length_49434_cov_4.575675	NZ_CP017766.1	72.840	405	86	20	21597	21989	1150514	1150122	2.55e-22	117
NODE_280_length_49434_cov_4.575675	NZ_CP017766.1	72.840	405	86	20	21597	21989	1412394	1412002	2.55e-22	117
NODE_280_length_49434_cov_4.575675	NZ_LR216287.1	78.378	185	34	3	21602	21783	309	490	9.16e-22	115
NODE_280_length_49434_cov_4.575675	NZ_LR216287.1	78.378	185	34	3	21602	21783	2698421	2698240	9.16e-22	115
NODE_280_length_49434_cov_4.575675	NZ_CP017922.1	78.378	185	34	3	21602	21783	1792016	1791835	9.16e-22	115
NODE_280_length_49434_cov_4.575675	NZ_CP017922.1	78.378	185	34	3	21602	21783	1968203	1968384	9.16e-22	115
NODE_2_length_402588_cov_2.478256	NZ_AP025587.1	79.439	107	18	4	67664	67768	142428	142532	4.56e-08	73.1
NODE_2_length_402588_cov_2.478256	NZ_AP025586.1	84.932	73	9	2	67700	67771	386168	386097	4.56e-08	73.1
NODE_2_length_402588_cov_2.478256	NZ_CP017803.1	85.714	70	8	2	67700	67768	328271	328339	4.56e-08	73.1
NODE_2_length_402588_cov_2.478256	NC_009515.1	84.932	73	9	2	67700	67771	463689	463618	4.56e-08	73.1
NODE_310_length_46430_cov_1.506056	NZ_CP076019.1	77.215	316	64	8	8810	9121	702774	703085	1.08e-40	178
NODE_310_length_46430_cov_1.506056	NZ_CP045488.1	75.921	353	65	19	8810	9152	2941944	2942286	3.03e-36	163
NODE_310_length_46430_cov_1.506056	NZ_CP089593.1	73.661	448	103	13	8810	9251	1143088	1142650	3.92e-35	159
NODE_310_length_46430_cov_1.506056	NZ_CP058334.1	73.684	456	97	21	8810	9255	3066293	3065851	5.07e-34	156
NODE_310_length_46430_cov_1.506056	NZ_CP095394.1	72.805	467	97	28	3000	3454	1213721	1214169	8.54e-27	132
NODE_310_length_46430_cov_1.506056	NZ_CP095390.1	72.591	467	98	28	3000	3454	1262975	1263423	3.97e-25	126
NODE_310_length_46430_cov_1.506056	NZ_CP070377.1	76.768	198	31	13	10641	10829	1302259	1302068	3.12e-16	97.1
NODE_310_length_46430_cov_1.506056	NZ_CP014855.1	80.833	120	23	0	10644	10763	1208763	1208644	1.12e-15	95.3
NODE_310_length_46430_cov_1.506056	NZ_CP070332.2	76.263	198	32	13	10641	10829	1332038	1331847	1.45e-14	91.6
NODE_310_length_46430_cov_1.506056	NZ_CP085882.1	75.758	198	33	13	10641	10829	1350689	1350498	6.75e-13	86.1
NODE_314_length_46015_cov_1.576203	NZ_CP084472.1	78.676	136	23	5	21709	21841	964428	964296	6.69e-13	86.1
NODE_314_length_46015_cov_1.576203	NZ_CP095394.1	78.571	126	25	2	21716	21840	72205	72329	8.65e-12	82.4
NODE_314_length_46015_cov_1.576203	NZ_CP010529.1	77.778	135	27	3	21718	21851	122309	122177	3.11e-11	80.5
NODE_314_length_46015_cov_1.576203	NZ_CP095390.1	77.778	126	26	2	21716	21840	107857	107981	4.02e-10	76.8
NODE_314_length_46015_cov_1.576203	NZ_CP058909.1	77.444	133	27	3	21711	21841	5033550	5033681	4.02e-10	76.8
NODE_314_length_46015_cov_1.576203	NZ_CP044130.1	78.226	124	23	3	21719	21840	127618	127739	4.02e-10	76.8
NODE_314_length_46015_cov_1.576203	NC_023010.2	77.037	135	28	3	21718	21851	254399	254531	1.45e-09	75.0
NODE_314_length_46015_cov_1.576203	NC_015943.1	77.037	135	28	3	21718	21851	380109	380241	1.45e-09	75.0
NODE_314_length_46015_cov_1.576203	NZ_CP054585.1	77.037	135	26	4	21719	21851	2409613	2409744	5.20e-09	73.1
NODE_314_length_46015_cov_1.576203	NZ_CP026310.1	76.692	133	30	1	21719	21851	161705	161836	5.20e-09	73.1
NODE_323_length_44616_cov_3.320683	NZ_CP095398.1	100.000	30	0	0	39307	39336	478998	478969	5.08e-04	56.5
NODE_336_length_43143_cov_2.088004	NZ_CP029287.2	87.324	71	9	0	24500	24570	1722907	1722837	8.11e-12	82.4
NODE_376_length_39180_cov_1.733651	NC_013922.1	100.000	35	0	0	18009	18043	484547	484581	7.41e-07	65.8
NODE_376_length_39180_cov_1.733651	NC_013922.1	94.444	36	2	0	18009	18044	484540	484575	4.46e-04	56.5
NODE_427_length_34686_cov_1.574953	NZ_LN831302.1	82.979	94	11	5	8080	8171	2505620	2505530	2.34e-11	80.5
NODE_427_length_34686_cov_1.574953	NZ_CP034940.1	90.000	60	4	2	8115	8173	315926	315868	3.03e-10	76.8
NODE_427_length_34686_cov_1.574953	NZ_CP090371.1	92.500	40	3	0	24354	24393	2308902	2308941	1.10e-04	58.4
NODE_436_length_34315_cov_1.960239	NZ_CP058909.1	72.420	1570	336	78	4251	5776	1622168	1620652	7.24e-111	411
NODE_436_length_34315_cov_1.960239	NZ_CP054587.1	72.042	1699	366	100	4287	5932	2481536	2483178	3.37e-109	405
NODE_436_length_34315_cov_1.960239	NC_014297.1	71.644	1728	395	79	4251	5935	169843	168168	3.39e-104	388
NODE_436_length_34315_cov_1.960239	NZ_CP058910.1	76.323	359	69	15	4251	4601	1475484	1475134	7.99e-41	178
NODE_436_length_34315_cov_1.960239	NZ_CP095005.1	76.543	243	47	10	4249	4486	418392	418155	1.06e-24	124
NODE_488_length_31559_cov_1.471063	NC_013743.1	76.423	246	52	6	8866	9108	2274068	2273826	7.51e-26	128
NODE_488_length_31559_cov_1.471063	NZ_CP050014.1	85.593	118	14	3	8866	8982	1954064	1954179	1.26e-23	121
NODE_488_length_31559_cov_1.471063	NC_012028.1	80.263	152	30	0	8873	9024	104673	104522	5.85e-22	115
NODE_488_length_31559_cov_1.471063	NZ_CP085325.1	79.618	157	26	3	8873	9026	23186	23033	9.78e-20	108
NODE_488_length_31559_cov_1.471063	NZ_CP085325.1	87.879	66	8	0	8875	8940	37647	37582	7.67e-11	78.7
NODE_488_length_31559_cov_1.471063	NZ_CP082289.1	79.268	164	26	5	8867	9026	138051	138210	9.78e-20	108
NODE_488_length_31559_cov_1.471063	NZ_CP089468.1	83.621	116	14	4	8870	8982	725355	725468	1.27e-18	104
NODE_488_length_31559_cov_1.471063	NZ_CP026312.1	83.810	105	17	0	8876	8980	80867	80763	1.64e-17	100
NODE_488_length_31559_cov_1.471063	NZ_CP040331.1	82.407	108	19	0	8873	8980	50503	50396	7.62e-16	95.3
NODE_488_length_31559_cov_1.471063	NZ_CP040331.1	87.879	66	8	0	8875	8940	85650	85585	7.67e-11	78.7
NODE_488_length_31559_cov_1.471063	NZ_CP054586.1	81.731	104	19	0	8876	8979	8570	8467	1.27e-13	87.9
NODE_488_length_31559_cov_1.471063	NZ_CP054586.1	94.595	37	2	0	8290	8326	106038	106074	9.99e-05	58.4
NODE_488_length_31559_cov_1.471063	NZ_CP054586.1	94.595	37	2	0	8290	8326	327986	328022	9.99e-05	58.4
NODE_488_length_31559_cov_1.471063	NZ_CP058530.1	86.076	79	8	3	8870	8947	142042	141966	5.93e-12	82.4
NODE_504_length_30948_cov_1.703343	NZ_CP069188.1	81.250	80	13	2	29084	29162	2750320	2750398	2.11e-06	63.9
NODE_574_length_26845_cov_1.745567	NZ_CP008746.1	100.000	32	0	0	17096	17127	3119371	3119340	2.36e-05	60.2
NODE_574_length_26845_cov_1.745567	NZ_CP008746.1	100.000	32	0	0	17096	17127	3119382	3119351	2.36e-05	60.2
NODE_574_length_26845_cov_1.745567	NZ_CP008746.1	100.000	32	0	0	17096	17127	3119393	3119362	2.36e-05	60.2
NODE_574_length_26845_cov_1.745567	NZ_CP008746.1	100.000	32	0	0	17096	17127	3119404	3119373	2.36e-05	60.2
NODE_574_length_26845_cov_1.745567	NZ_CP008746.1	100.000	32	0	0	17096	17127	3119415	3119384	2.36e-05	60.2
NODE_574_length_26845_cov_1.745567	NZ_CP008746.1	100.000	32	0	0	17096	17127	3119426	3119395	2.36e-05	60.2
NODE_574_length_26845_cov_1.745567	NZ_CP008746.1	100.000	32	0	0	17096	17127	3119437	3119406	2.36e-05	60.2
NODE_574_length_26845_cov_1.745567	NZ_CP008746.1	100.000	32	0	0	17096	17127	3119448	3119417	2.36e-05	60.2
NODE_574_length_26845_cov_1.745567	NZ_CP008746.1	100.000	32	0	0	17096	17127	3119459	3119428	2.36e-05	60.2
NODE_574_length_26845_cov_1.745567	NZ_CP008746.1	100.000	32	0	0	17096	17127	3119470	3119439	2.36e-05	60.2
NODE_574_length_26845_cov_1.745567	NZ_CP009530.1	100.000	32	0	0	17096	17127	2857487	2857456	2.36e-05	60.2
NODE_574_length_26845_cov_1.745567	NZ_CP009530.1	100.000	32	0	0	17096	17127	2857498	2857467	2.36e-05	60.2
NODE_574_length_26845_cov_1.745567	NZ_CP009530.1	100.000	32	0	0	17096	17127	2857509	2857478	2.36e-05	60.2
NODE_574_length_26845_cov_1.745567	NZ_CP009530.1	100.000	32	0	0	17096	17127	2857520	2857489	2.36e-05	60.2
NODE_574_length_26845_cov_1.745567	NZ_CP009530.1	100.000	32	0	0	17096	17127	2857531	2857500	2.36e-05	60.2
NODE_574_length_26845_cov_1.745567	NZ_CP009530.1	100.000	32	0	0	17096	17127	2857542	2857511	2.36e-05	60.2
NODE_574_length_26845_cov_1.745567	NZ_CP009530.1	100.000	32	0	0	17096	17127	2857553	2857522	2.36e-05	60.2
NODE_574_length_26845_cov_1.745567	NZ_CP009530.1	100.000	32	0	0	17096	17127	2857564	2857533	2.36e-05	60.2
NODE_574_length_26845_cov_1.745567	NZ_CP009530.1	100.000	32	0	0	17096	17127	2857575	2857544	2.36e-05	60.2
NODE_574_length_26845_cov_1.745567	NZ_CP009530.1	100.000	32	0	0	17096	17127	2857586	2857555	2.36e-05	60.2
NODE_574_length_26845_cov_1.745567	NZ_CP009528.1	100.000	32	0	0	17096	17127	230365	230396	2.36e-05	60.2
NODE_574_length_26845_cov_1.745567	NZ_CP009528.1	100.000	32	0	0	17096	17127	230376	230407	2.36e-05	60.2
NODE_574_length_26845_cov_1.745567	NZ_CP009528.1	100.000	32	0	0	17096	17127	230387	230418	2.36e-05	60.2
NODE_574_length_26845_cov_1.745567	NZ_CP009528.1	100.000	32	0	0	17096	17127	230398	230429	2.36e-05	60.2
NODE_574_length_26845_cov_1.745567	NZ_CP009528.1	100.000	32	0	0	17096	17127	230409	230440	2.36e-05	60.2
NODE_574_length_26845_cov_1.745567	NZ_CP009528.1	100.000	32	0	0	17096	17127	230420	230451	2.36e-05	60.2
NODE_574_length_26845_cov_1.745567	NZ_CP009528.1	100.000	32	0	0	17096	17127	230431	230462	2.36e-05	60.2
NODE_574_length_26845_cov_1.745567	NZ_CP009528.1	100.000	32	0	0	17096	17127	230442	230473	2.36e-05	60.2
NODE_574_length_26845_cov_1.745567	NZ_CP009528.1	100.000	32	0	0	17096	17127	230453	230484	2.36e-05	60.2
NODE_574_length_26845_cov_1.745567	NZ_CP009528.1	100.000	32	0	0	17096	17127	230464	230495	2.36e-05	60.2
NODE_580_length_26556_cov_1.604840	NZ_CP071463.1	78.191	188	35	6	15550	15734	2206639	2206823	4.92e-22	115
NODE_580_length_26556_cov_1.604840	NZ_CP082284.1	100.000	30	0	0	19703	19732	2842922	2842951	3.02e-04	56.5
NODE_605_length_25295_cov_1.965653	NZ_CP034345.1	87.719	57	5	2	17463	17518	1733377	1733432	4.78e-07	65.8
NODE_605_length_25295_cov_1.965653	NZ_CP028858.1	90.000	50	5	0	17475	17524	1563745	1563696	4.78e-07	65.8
NODE_605_length_25295_cov_1.965653	NZ_CP095482.1	94.444	36	2	0	17475	17510	2756435	2756400	2.88e-04	56.5
NODE_605_length_25295_cov_1.965653	NZ_LN831302.1	94.444	36	2	0	17475	17510	606226	606261	2.88e-04	56.5
NODE_605_length_25295_cov_1.965653	NZ_LN831302.1	100.000	30	0	0	16357	16386	1326074	1326103	2.88e-04	56.5
NODE_634_length_24355_cov_1.880218	NC_011832.1	80.180	111	18	4	18096	18204	2207618	2207726	1.65e-11	80.5
NODE_655_length_23566_cov_1.668898	NZ_CP058579.1	89.130	46	2	3	22311	22356	3855814	3855772	0.001	54.7
NODE_67_length_122594_cov_2.809451	NZ_LT719092.1	94.737	38	2	0	97021	97058	95343	95380	1.08e-04	60.2
NODE_67_length_122594_cov_2.809451	NZ_LT671858.1	94.737	38	2	0	97021	97058	116453	116490	1.08e-04	60.2
NODE_704_length_22263_cov_1.574531	NZ_CP082286.1	95.745	47	2	0	8407	8453	1668162	1668116	1.95e-10	76.8
NODE_704_length_22263_cov_1.574531	NZ_CP082284.1	95.745	47	2	0	8407	8453	1426323	1426369	1.95e-10	76.8
NODE_704_length_22263_cov_1.574531	NZ_CP081958.1	95.745	47	2	0	8407	8453	1715531	1715485	1.95e-10	76.8
NODE_704_length_22263_cov_1.574531	NZ_CP054585.1	92.000	50	2	2	7628	7676	1238591	1238543	3.25e-08	69.4
NODE_704_length_22263_cov_1.574531	NZ_CP025066.1	86.885	61	6	2	8405	8464	408528	408587	1.17e-07	67.6
NODE_704_length_22263_cov_1.574531	NZ_CP058529.1	87.755	49	6	0	8405	8453	2401429	2401381	7.05e-05	58.4
NODE_759_length_20967_cov_1.648399	NC_019792.1	80.870	115	18	4	2841	2953	2155700	2155812	8.46e-14	87.9
NODE_773_length_20440_cov_1.846721	NZ_CP009504.1	90.698	43	1	2	17117	17159	2593547	2593586	8.37e-04	54.7
NODE_773_length_20440_cov_1.846721	NZ_CP009504.1	90.698	43	1	2	17117	17159	2593556	2593595	8.37e-04	54.7
NODE_773_length_20440_cov_1.846721	NZ_CP009504.1	90.698	43	1	2	17117	17159	2593565	2593604	8.37e-04	54.7
NODE_773_length_20440_cov_1.846721	NZ_CP009504.1	100.000	29	0	0	17117	17145	2593574	2593602	8.37e-04	54.7
NODE_773_length_20440_cov_1.846721	NZ_CP009503.1	96.875	32	1	0	17117	17148	3630779	3630748	8.37e-04	54.7
NODE_773_length_20440_cov_1.846721	NZ_CP009503.1	90.698	43	1	2	17117	17159	3630788	3630749	8.37e-04	54.7
NODE_773_length_20440_cov_1.846721	NZ_CP009503.1	90.698	43	1	2	17117	17159	3630797	3630758	8.37e-04	54.7
NODE_773_length_20440_cov_1.846721	NZ_CP009503.1	90.698	43	1	2	17117	17159	3630806	3630767	8.37e-04	54.7
NODE_775_length_20399_cov_1.573738	NZ_CP034145.1	71.846	547	126	19	4007	4545	1363611	1363085	3.75e-27	132
NODE_775_length_20399_cov_1.573738	NZ_CP058529.1	71.882	473	117	11	4032	4502	2797782	2797324	2.26e-24	122
NODE_775_length_20399_cov_1.573738	NZ_CP073695.1	73.629	383	62	35	4032	4401	1775021	1774665	4.89e-21	111
NODE_775_length_20399_cov_1.573738	NZ_CP081958.1	71.319	523	114	28	4007	4517	2095688	2095190	2.94e-18	102
NODE_775_length_20399_cov_1.573738	NZ_CP059154.1	85.227	88	11	2	3430	3516	3151561	3151647	2.29e-14	89.8
NODE_775_length_20399_cov_1.573738	NZ_CP030064.1	72.360	322	69	16	4215	4526	1285101	1284790	1.06e-12	84.2
NODE_775_length_20399_cov_1.573738	NZ_CP053941.1	72.308	325	68	19	4215	4528	2793957	2793644	3.83e-12	82.4
NODE_775_length_20399_cov_1.573738	NZ_CP054585.1	75.758	165	33	5	4339	4500	3045723	3045883	1.78e-10	76.8
NODE_775_length_20399_cov_1.573738	NZ_CP054585.1	71.688	385	70	33	4030	4401	3049856	3050214	8.29e-09	71.3
NODE_775_length_20399_cov_1.573738	NZ_CP084472.1	71.353	377	82	19	4033	4401	318654	319012	6.41e-10	75.0
NODE_775_length_20399_cov_1.573738	NZ_CP019067.1	77.143	140	24	7	4033	4168	3078811	3078676	6.41e-10	75.0
NODE_775_length_20399_cov_1.573738	NZ_CP019067.1	86.792	53	7	0	4366	4418	3082649	3082597	1.79e-05	60.2
NODE_783_length_20317_cov_1.477581	NZ_CP083663.1	76.573	286	59	8	1626	1907	2949574	2949855	1.03e-32	150
NODE_783_length_20317_cov_1.477581	NZ_CP054708.1	81.407	199	22	14	1589	1779	285237	285046	3.71e-32	148
NODE_783_length_20317_cov_1.477581	NZ_CP083666.1	76.389	288	56	10	1626	1907	1208412	1208693	4.80e-31	145
NODE_783_length_20317_cov_1.477581	NZ_CP010530.1	75.074	337	68	16	1581	1909	33372	33700	1.73e-30	143
NODE_783_length_20317_cov_1.477581	NC_023012.1	75.227	331	66	16	1587	1909	194614	194292	1.73e-30	143
NODE_783_length_20317_cov_1.477581	NC_015944.1	75.227	331	66	16	1587	1909	194614	194292	1.73e-30	143
NODE_783_length_20317_cov_1.477581	NZ_CP031311.1	74.556	338	70	13	1632	1961	882641	882312	1.04e-27	134
NODE_783_length_20317_cov_1.477581	NZ_CP083723.1	74.679	312	68	10	1601	1907	1355564	1355869	4.83e-26	128
NODE_783_length_20317_cov_1.477581	NZ_CP026309.1	86.957	69	7	2	1839	1906	1848002	1847935	1.77e-10	76.8
NODE_783_length_20317_cov_1.477581	NZ_CP026309.1	72.569	288	59	16	1629	1906	3130188	3130465	1.77e-10	76.8
NODE_815_length_19482_cov_1.892365	NZ_CP058532.1	97.143	35	0	1	9094	9128	66856	66823	6.16e-05	58.4
NODE_815_length_19482_cov_1.892365	NZ_CP082249.1	94.286	35	2	0	12685	12719	255619	255653	7.97e-04	54.7
NODE_824_length_19252_cov_1.738101	NZ_CP048738.1	92.857	56	4	0	15256	15311	1184107	1184052	3.61e-12	82.4
NODE_824_length_19252_cov_1.738101	NC_013966.1	92.857	56	4	0	15256	15311	584772	584717	3.61e-12	82.4
NODE_824_length_19252_cov_1.738101	NZ_CP095487.1	93.333	45	3	0	16024	16068	655530	655574	1.01e-07	67.6
NODE_824_length_19252_cov_1.738101	NZ_CP085301.1	89.583	48	3	2	14798	14843	1798918	1798871	1.69e-05	60.2
NODE_824_length_19252_cov_1.738101	NZ_CP085301.1	89.583	48	3	2	14798	14843	2350767	2350720	1.69e-05	60.2
NODE_824_length_19252_cov_1.738101	NZ_CP044129.1	97.143	35	1	0	15256	15290	2969653	2969619	1.69e-05	60.2
NODE_824_length_19252_cov_1.738101	NZ_CP028858.1	97.059	34	1	0	15257	15290	179074	179107	6.09e-05	58.4
NODE_824_length_19252_cov_1.738101	NZ_CP028858.1	92.500	40	3	0	15256	15295	1199604	1199643	6.09e-05	58.4
NODE_824_length_19252_cov_1.738101	NC_021313.1	97.059	34	1	0	15257	15290	1131936	1131903	6.09e-05	58.4
NODE_824_length_19252_cov_1.738101	NZ_CP054710.1	94.444	36	2	0	15253	15288	127167	127202	2.19e-04	56.5
NODE_824_length_19252_cov_1.738101	NZ_CP058529.1	77.083	96	20	2	15970	16064	2929631	2929725	7.88e-04	54.7
NODE_835_length_19068_cov_1.176557	NZ_CP084466.1	87.324	71	8	1	18995	19065	2045390	2045459	1.29e-11	80.5
NODE_835_length_19068_cov_1.176557	NZ_CP084463.1	87.324	71	8	1	18995	19065	1431834	1431765	1.29e-11	80.5
NODE_835_length_19068_cov_1.176557	NZ_CP084090.1	84.848	66	10	0	18999	19064	3135685	3135620	1.00e-07	67.6
NODE_835_length_19068_cov_1.176557	NZ_CP044129.1	84.286	70	10	1	18995	19064	1922003	1921935	1.00e-07	67.6
NODE_835_length_19068_cov_1.176557	NZ_CP045142.1	84.286	70	10	1	18995	19064	172698	172630	1.00e-07	67.6
NODE_835_length_19068_cov_1.176557	NZ_CP039375.1	84.286	70	10	1	18995	19064	172698	172630	1.00e-07	67.6
NODE_835_length_19068_cov_1.176557	NC_013202.1	84.286	70	10	1	18995	19064	2623750	2623682	1.00e-07	67.6
NODE_850_length_18778_cov_1.486366	NZ_CP016070.1	100.000	29	0	0	18365	18393	1244714	1244686	7.69e-04	54.7
NODE_877_length_18176_cov_1.498754	NZ_CP045488.1	93.056	72	5	0	12400	12471	1752742	1752671	2.02e-19	106
NODE_877_length_18176_cov_1.498754	NZ_CP035119.1	81.250	128	18	6	12342	12466	2542425	2542549	3.39e-17	99.0
NODE_877_length_18176_cov_1.498754	NZ_CP095482.1	90.278	72	7	0	12400	12471	2550166	2550237	4.38e-16	95.3
NODE_877_length_18176_cov_1.498754	NZ_CP058335.1	81.667	120	16	6	12348	12464	422310	422426	4.38e-16	95.3
NODE_877_length_18176_cov_1.498754	NZ_CP042241.1	77.707	157	23	9	3223	3376	1413441	1413294	2.64e-13	86.1
NODE_877_length_18176_cov_1.498754	NZ_CP042241.1	78.571	126	23	4	12348	12471	1579616	1579493	1.23e-11	80.5
NODE_877_length_18176_cov_1.498754	NZ_CP058334.1	78.906	128	19	5	3239	3365	810142	810262	1.23e-11	80.5
NODE_877_length_18176_cov_1.498754	NZ_CP007055.1	77.305	141	28	4	3816	3954	315807	315669	1.23e-11	80.5
NODE_877_length_18176_cov_1.498754	NZ_CP085324.1	81.000	100	15	4	12348	12445	1384476	1384573	1.59e-10	76.8
NODE_877_length_18176_cov_1.498754	NZ_CP019893.1	84.722	72	11	0	3826	3897	2626818	2626747	2.05e-09	73.1
NODE_877_length_18176_cov_1.498754	NZ_CP019067.1	76.712	146	24	9	3222	3365	368220	368357	2.05e-09	73.1
NODE_884_length_18039_cov_1.524041	NZ_CP058529.1	74.631	406	72	26	5012	5401	61727	62117	9.15e-33	150
NODE_884_length_18039_cov_1.524041	NZ_CP031311.1	74.321	405	77	26	5012	5402	887773	888164	1.18e-31	147
NODE_884_length_18039_cov_1.524041	NZ_CP042241.1	84.783	138	16	5	5266	5400	34990	35125	9.22e-28	134
NODE_884_length_18039_cov_1.524041	NZ_CP085324.1	79.487	156	26	6	5239	5391	1613717	1613869	2.01e-19	106
NODE_884_length_18039_cov_1.524041	NC_014729.1	78.443	167	31	5	5239	5402	1665293	1665129	7.23e-19	104
NODE_884_length_18039_cov_1.524041	NZ_CP019327.1	72.292	397	85	24	5012	5395	1957114	1957498	9.35e-18	100
NODE_884_length_18039_cov_1.524041	NZ_CP048739.1	77.844	167	32	5	5239	5402	1537158	1537322	3.36e-17	99.0
NODE_884_length_18039_cov_1.524041	NZ_CP076019.1	72.937	303	70	9	4313	4609	755827	755531	4.35e-16	95.3
NODE_884_length_18039_cov_1.524041	NZ_CP034940.1	75.897	195	42	4	4313	4503	1232497	1232304	4.35e-16	95.3
NODE_884_length_18039_cov_1.524041	NZ_CP073695.1	76.596	188	31	9	4324	4503	2144468	2144286	5.63e-15	91.6
NODE_894_length_17858_cov_1.554516	NC_008553.1	74.354	503	113	14	11735	12229	1490021	1489527	8.87e-48	200
NODE_894_length_17858_cov_1.554516	NZ_CP089466.1	90.000	70	7	0	10087	10156	1469472	1469403	5.57e-15	91.6
NODE_919_length_17368_cov_1.725850	NC_006624.1	72.600	927	217	32	3013	3922	215586	216492	6.48e-69	270
NODE_919_length_17368_cov_1.725850	NZ_CP011947.1	74.476	525	97	30	3060	3566	700857	701362	1.44e-45	193
NODE_919_length_17368_cov_1.725850	NZ_CP063205.1	74.286	525	98	30	3060	3566	741530	742035	6.72e-44	187
NODE_919_length_17368_cov_1.725850	NZ_CP048738.1	71.669	893	179	56	3060	3907	755954	756817	1.12e-41	180
NODE_919_length_17368_cov_1.725850	NC_013967.1	71.573	890	185	52	3060	3907	707671	708534	1.12e-41	180
NODE_919_length_17368_cov_1.725850	NZ_CP054587.1	73.462	520	102	29	3065	3566	1644811	1645312	1.13e-36	163
NODE_919_length_17368_cov_1.725850	NZ_CP064788.1	71.658	748	158	43	3074	3785	469139	468410	5.27e-35	158
NODE_919_length_17368_cov_1.725850	NZ_CP064789.1	71.791	748	151	48	3074	3782	2494872	2495598	5.27e-35	158
NODE_919_length_17368_cov_1.725850	NZ_CP026309.1	72.658	523	107	32	3062	3566	985668	986172	5.30e-30	141
NODE_919_length_17368_cov_1.725850	NZ_CP073366.1	72.658	523	105	32	3070	3573	279709	280212	1.91e-29	139
NODE_924_length_17267_cov_1.817149	NZ_CP058530.1	100.000	29	0	0	5049	5077	259497	259469	7.07e-04	54.7
NODE_938_length_16961_cov_1.662196	NZ_CP019285.1	77.350	234	43	9	5627	5855	2581879	2582107	1.12e-26	130
NODE_938_length_16961_cov_1.662196	NZ_CP007174.1	74.899	247	54	8	5578	5820	32551	32793	1.89e-19	106
NODE_938_length_16961_cov_1.662196	NZ_CP073695.1	88.312	77	8	1	13334	13409	1062562	1062486	5.29e-15	91.6
NODE_938_length_16961_cov_1.662196	NZ_CP082286.1	83.333	96	12	4	13328	13421	1038878	1038971	2.46e-13	86.1
NODE_938_length_16961_cov_1.662196	NZ_CP034940.1	88.732	71	7	1	13334	13403	2035318	2035388	2.46e-13	86.1
NODE_938_length_16961_cov_1.662196	NZ_AP017569.1	87.324	71	8	1	13334	13403	2408383	2408313	1.15e-11	80.5
NODE_938_length_16961_cov_1.662196	NZ_CP090371.1	85.333	75	11	0	13328	13402	2259493	2259567	4.12e-11	78.7
NODE_958_length_16506_cov_1.611101	NC_011832.1	93.333	45	1	2	13284	13328	250042	250084	3.12e-07	65.8
NODE_970_length_16301_cov_2.029710	NC_003552.1	96.875	32	1	0	8067	8098	1333000	1332969	6.67e-04	54.7
NODE_987_length_15793_cov_1.813863	NC_017527.1	73.204	1963	441	70	13878	15790	144304	146231	6.53e-178	632
NODE_987_length_15793_cov_1.813863	NZ_CP085329.1	73.030	1713	403	52	14109	15790	522365	524049	6.76e-153	549
NODE_987_length_15793_cov_1.813863	NZ_CP058529.1	72.764	1722	392	70	14112	15793	1876235	1874551	3.19e-141	510
NODE_987_length_15793_cov_1.813863	NZ_CP031312.1	71.900	1968	456	86	13879	15793	212554	210631	2.50e-132	481
NODE_987_length_15793_cov_1.813863	NC_013743.1	72.138	1712	420	51	14109	15790	951405	953089	7.00e-128	466
NODE_987_length_15793_cov_1.813863	NZ_CP058579.1	71.926	1724	403	72	14112	15793	2411048	2409364	3.31e-116	427
NODE_987_length_15793_cov_1.813863	NZ_CP069188.1	72.066	1747	373	100	14102	15793	902758	901072	7.15e-113	416
NODE_987_length_15793_cov_1.813863	NZ_CP084090.1	71.940	1732	376	90	14114	15793	244099	242426	1.55e-109	405
NODE_987_length_15793_cov_1.813863	NZ_CP082249.1	71.211	1966	456	87	13874	15790	886085	887989	3.35e-106	394
NODE_987_length_15793_cov_1.813863	NZ_CP095491.1	71.445	1723	413	63	14112	15793	3127328	3125644	7.26e-103	383
